1.584400e+03    1.208414e+00    1.758973e+25    7.909116e-02    3.954558e-01    1.021062e-01    5.105312e-01
3.168810e+03    1.203974e+00    1.749562e+25    7.887928e-02    3.943964e-01    1.018327e-01    5.091636e-01
4.753210e+03    1.199592e+00    1.740361e+25    7.867159e-02    3.933580e-01    1.015646e-01    5.078229e-01
6.337620e+03    1.195266e+00    1.731328e+25    7.846717e-02    3.923358e-01    1.013007e-01    5.065034e-01
7.922020e+03    1.190994e+00    1.722500e+25    7.826687e-02    3.913343e-01    1.010421e-01    5.052104e-01
9.823310e+03    1.185944e+00    1.712179e+25    7.803204e-02    3.901602e-01    1.007389e-01    5.036947e-01
1.210480e+04    1.179986e+00    1.700119e+25    7.775673e-02    3.887836e-01    1.003835e-01    5.019175e-01
1.484270e+04    1.172981e+00    1.686162e+25    7.743690e-02    3.871845e-01    9.997061e-02    4.998531e-01
1.812810e+04    1.164773e+00    1.670126e+25    7.706780e-02    3.853390e-01    9.949410e-02    4.974705e-01
2.207060e+04    1.155193e+00    1.651807e+25    7.664396e-02    3.832198e-01    9.894693e-02    4.947346e-01
2.680160e+04    1.144060e+00    1.631170e+25    7.616369e-02    3.808184e-01    9.832690e-02    4.916345e-01
3.180600e+04    1.132675e+00    1.610754e+25    7.568555e-02    3.784277e-01    9.770962e-02    4.885481e-01
3.692470e+04    1.121412e+00    1.591326e+25    7.522773e-02    3.761387e-01    9.711858e-02    4.855929e-01
4.215800e+04    1.110269e+00    1.572930e+25    7.479163e-02    3.739581e-01    9.655558e-02    4.827779e-01
4.750560e+04    1.099243e+00    1.555605e+25    7.437859e-02    3.718929e-01    9.602235e-02    4.801117e-01
5.296700e+04    1.088331e+00    1.539357e+25    7.398913e-02    3.699457e-01    9.551956e-02    4.775978e-01
5.854140e+04    1.077532e+00    1.524331e+25    7.362715e-02    3.681357e-01    9.505224e-02    4.752612e-01
6.422710e+04    1.066842e+00    1.510530e+25    7.329308e-02    3.664654e-01    9.462096e-02    4.731048e-01
7.002230e+04    1.056307e+00    1.489736e+25    7.278685e-02    3.639343e-01    9.396742e-02    4.698371e-01
7.595700e+04    1.045894e+00    1.467470e+25    7.224087e-02    3.612044e-01    9.326256e-02    4.663128e-01
8.204160e+04    1.035603e+00    1.440819e+25    7.158186e-02    3.579093e-01    9.241179e-02    4.620589e-01
8.830050e+04    1.025417e+00    1.414683e+25    7.092967e-02    3.546484e-01    9.156981e-02    4.578491e-01
9.473820e+04    1.015335e+00    1.389055e+25    7.028424e-02    3.514212e-01    9.073657e-02    4.536828e-01
1.013600e+05    1.005356e+00    1.363953e+25    6.964629e-02    3.482314e-01    8.991297e-02    4.495649e-01
1.081700e+05    9.954770e-01    1.339304e+25    6.901412e-02    3.450706e-01    8.909685e-02    4.454842e-01
1.151750e+05    9.856983e-01    1.315162e+25    6.838927e-02    3.419463e-01    8.829017e-02    4.414508e-01
1.223790e+05    9.760201e-01    1.291485e+25    6.777086e-02    3.388543e-01    8.749180e-02    4.374590e-01
1.297880e+05    9.664397e-01    1.268263e+25    6.715881e-02    3.357940e-01    8.670165e-02    4.335082e-01
1.374070e+05    9.569569e-01    1.245516e+25    6.655381e-02    3.327691e-01    8.592061e-02    4.296030e-01
1.452420e+05    9.475718e-01    1.223205e+25    6.595504e-02    3.297752e-01    8.514759e-02    4.257379e-01
1.532990e+05    9.382830e-01    1.201349e+25    6.536315e-02    3.268157e-01    8.438346e-02    4.219173e-01
1.615840e+05    9.290920e-01    1.179911e+25    6.477732e-02    3.238866e-01    8.362716e-02    4.181358e-01
1.701030e+05    9.199943e-01    1.158909e+25    6.419822e-02    3.209911e-01    8.287954e-02    4.143977e-01
1.788630e+05    9.109942e-01    1.138307e+25    6.362503e-02    3.181251e-01    8.213956e-02    4.106978e-01
1.878680e+05    9.020876e-01    1.118148e+25    6.305913e-02    3.152956e-01    8.140899e-02    4.070449e-01
1.971270e+05    8.932745e-01    1.098397e+25    6.249970e-02    3.124985e-01    8.068677e-02    4.034338e-01
2.066450e+05    8.845574e-01    1.079044e+25    6.194667e-02    3.097333e-01    7.997280e-02    3.998640e-01
2.164290e+05    8.759310e-01    1.060082e+25    6.139994e-02    3.069997e-01    7.926699e-02    3.963349e-01
2.264870e+05    8.673980e-01    1.041548e+25    6.086084e-02    3.043042e-01    7.857101e-02    3.928550e-01
2.368240e+05    8.589569e-01    1.023362e+25    6.032717e-02    3.016358e-01    7.788204e-02    3.894102e-01
2.474480e+05    8.506063e-01    1.005563e+25    5.980024e-02    2.990012e-01    7.720178e-02    3.860089e-01
2.583660e+05    8.423448e-01    9.881417e+24    5.927996e-02    2.963998e-01    7.653011e-02    3.826505e-01
2.695860e+05    8.341710e-01    9.711118e+24    5.876692e-02    2.938346e-01    7.586777e-02    3.793388e-01
2.811140e+05    8.260833e-01    9.544194e+24    5.825966e-02    2.912983e-01    7.521290e-02    3.760645e-01
2.929590e+05    8.180805e-01    9.380788e+24    5.775877e-02    2.887939e-01    7.456626e-02    3.728313e-01
3.051280e+05    8.101624e-01    9.220815e+24    5.726417e-02    2.863208e-01    7.392773e-02    3.696386e-01
3.176300e+05    8.023276e-01    9.064404e+24    5.677641e-02    2.838820e-01    7.329803e-02    3.664902e-01
3.304710e+05    7.945719e-01    8.911469e+24    5.629541e-02    2.814770e-01    7.267706e-02    3.633853e-01
3.436600e+05    7.868966e-01    8.761717e+24    5.582040e-02    2.791020e-01    7.206382e-02    3.603191e-01
3.572050e+05    7.792974e-01    8.615278e+24    5.535196e-02    2.767598e-01    7.145907e-02    3.572953e-01
3.711150e+05    7.717759e-01    8.472065e+24    5.488997e-02    2.744498e-01    7.086264e-02    3.543132e-01
3.853980e+05    7.643276e-01    8.332000e+24    5.443434e-02    2.721717e-01    7.027443e-02    3.513721e-01
4.000620e+05    7.569526e-01    8.195194e+24    5.398560e-02    2.699280e-01    6.969511e-02    3.484756e-01
4.151170e+05    7.496480e-01    8.061379e+24    5.354304e-02    2.677152e-01    6.912376e-02    3.456188e-01
4.305700e+05    7.424138e-01    7.930478e+24    5.310654e-02    2.655327e-01    6.856025e-02    3.428012e-01
4.464320e+05    7.352485e-01    7.802959e+24    5.267784e-02    2.633892e-01    6.800680e-02    3.400340e-01
4.627100e+05    7.281494e-01    7.678198e+24    5.225502e-02    2.612751e-01    6.746093e-02    3.373047e-01
4.794140e+05    7.211164e-01    7.556648e+24    5.183975e-02    2.591988e-01    6.692483e-02    3.346242e-01
4.965520e+05    7.141466e-01    7.437882e+24    5.143076e-02    2.571538e-01    6.639683e-02    3.319841e-01
5.141340e+05    7.072414e-01    7.322160e+24    5.102910e-02    2.551455e-01    6.587829e-02    3.293914e-01
5.321670e+05    7.003994e-01    7.209402e+24    5.063467e-02    2.531733e-01    6.536907e-02    3.268453e-01
5.506620e+05    6.936178e-01    7.099688e+24    5.024790e-02    2.512395e-01    6.486976e-02    3.243488e-01
5.696260e+05    6.868966e-01    6.992931e+24    4.986869e-02    2.493434e-01    6.438020e-02    3.219010e-01
5.890680e+05    6.802356e-01    6.889207e+24    4.949746e-02    2.474873e-01    6.390095e-02    3.195048e-01
6.089970e+05    6.736351e-01    6.788429e+24    4.913409e-02    2.456705e-01    6.343184e-02    3.171592e-01
6.294190e+05    6.670920e-01    6.690820e+24    4.877957e-02    2.438979e-01    6.297416e-02    3.148708e-01
6.503420e+05    6.606078e-01    6.596283e+24    4.843373e-02    2.421687e-01    6.252768e-02    3.126384e-01
6.717740e+05    6.541853e-01    6.505030e+24    4.809755e-02    2.404878e-01    6.209367e-02    3.104684e-01
6.937190e+05    6.478218e-01    6.416958e+24    4.777085e-02    2.388542e-01    6.167190e-02    3.083595e-01
7.161850e+05    6.415230e-01    6.332268e+24    4.745456e-02    2.372728e-01    6.126358e-02    3.063179e-01
7.391740e+05    6.352845e-01    6.250997e+24    4.714905e-02    2.357452e-01    6.086916e-02    3.043458e-01
7.626910e+05    6.290302e-01    6.253300e+24    4.715774e-02    2.357887e-01    6.088038e-02    3.044019e-01
7.864330e+05    6.227098e-01    6.391006e+24    4.767415e-02    2.383707e-01    6.154706e-02    3.077353e-01
8.098990e+05    6.164411e-01    6.554195e+24    4.827897e-02    2.413948e-01    6.232788e-02    3.116394e-01
8.330130e+05    6.102313e-01    6.737819e+24    4.895059e-02    2.447530e-01    6.319495e-02    3.159747e-01
8.557270e+05    6.043247e-01    6.669745e+24    4.870269e-02    2.435134e-01    6.287490e-02    3.143745e-01
8.788960e+05    5.984914e-01    6.602817e+24    4.845772e-02    2.422886e-01    6.255864e-02    3.127932e-01
9.025290e+05    5.927270e-01    6.537163e+24    4.821620e-02    2.410810e-01    6.224685e-02    3.112342e-01
9.266310e+05    5.870517e-01    6.459209e+24    4.792785e-02    2.396393e-01    6.187459e-02    3.093730e-01
9.512590e+05    5.814871e-01    6.346280e+24    4.750704e-02    2.375352e-01    6.133132e-02    3.066566e-01
9.765660e+05    5.760072e-01    6.235902e+24    4.709209e-02    2.354604e-01    6.079563e-02    3.039781e-01
1.002570e+06    5.706178e-01    6.128007e+24    4.668291e-02    2.334146e-01    6.026738e-02    3.013369e-01
1.029270e+06    5.653233e-01    6.022950e+24    4.628102e-02    2.314051e-01    5.974855e-02    2.987427e-01
1.056700e+06    5.601279e-01    5.920649e+24    4.588629e-02    2.294315e-01    5.923895e-02    2.961948e-01
1.084860e+06    5.550417e-01    5.821023e+24    4.549860e-02    2.274930e-01    5.873843e-02    2.936922e-01
1.113770e+06    5.500690e-01    5.724258e+24    4.511884e-02    2.255942e-01    5.824817e-02    2.912409e-01
1.143420e+06    5.452112e-01    5.630270e+24    4.474690e-02    2.237345e-01    5.776800e-02    2.888400e-01
1.173850e+06    5.404856e-01    5.539356e+24    4.438416e-02    2.219208e-01    5.729970e-02    2.864985e-01
1.205040e+06    5.359009e-01    5.451792e+24    4.403195e-02    2.201598e-01    5.684501e-02    2.842250e-01
1.237000e+06    5.314684e-01    5.367466e+24    4.369009e-02    2.184505e-01    5.640367e-02    2.820183e-01
1.269740e+06    5.271969e-01    5.286756e+24    4.336037e-02    2.168018e-01    5.597800e-02    2.798900e-01
1.303250e+06    5.230977e-01    5.209659e+24    4.304305e-02    2.152152e-01    5.556833e-02    2.778417e-01
1.337520e+06    5.191782e-01    5.136288e+24    4.273886e-02    2.136943e-01    5.517564e-02    2.758782e-01
1.372540e+06    5.154411e-01    5.066631e+24    4.244807e-02    2.122403e-01    5.480022e-02    2.740011e-01
1.408300e+06    5.118994e-01    5.001028e+24    4.217237e-02    2.108618e-01    5.444429e-02    2.722214e-01
1.444780e+06    5.085632e-01    4.939572e+24    4.191244e-02    2.095622e-01    5.410873e-02    2.705437e-01
1.481960e+06    5.054339e-01    4.882017e+24    4.166755e-02    2.083377e-01    5.379258e-02    2.689629e-01
1.519800e+06    5.025043e-01    4.828467e+24    4.143840e-02    2.071920e-01    5.349674e-02    2.674837e-01
1.558290e+06    4.997830e-01    4.778915e+24    4.122522e-02    2.061261e-01    5.322153e-02    2.661076e-01
1.597390e+06    4.972601e-01    4.733030e+24    4.102683e-02    2.051341e-01    5.296541e-02    2.648270e-01
1.637070e+06    4.949382e-01    4.691041e+24    4.084444e-02    2.042222e-01    5.272994e-02    2.636497e-01
1.677290e+06    4.927989e-01    4.652531e+24    4.067644e-02    2.033822e-01    5.251306e-02    2.625653e-01
1.718030e+06    4.908477e-01    4.617419e+24    4.052266e-02    2.026133e-01    5.231453e-02    2.615727e-01
1.759230e+06    4.890603e-01    4.585316e+24    4.038155e-02    2.019077e-01    5.213235e-02    2.606618e-01
1.800880e+06    4.874368e-01    4.556269e+24    4.025344e-02    2.012672e-01    5.196696e-02    2.598348e-01
1.842930e+06    4.859540e-01    4.529802e+24    4.013636e-02    2.006818e-01    5.181581e-02    2.590791e-01
1.885350e+06    4.845991e-01    4.505669e+24    4.002930e-02    2.001465e-01    5.167760e-02    2.583880e-01
1.928120e+06    4.833621e-01    4.483728e+24    3.993171e-02    1.996586e-01    5.155162e-02    2.577581e-01
1.971210e+06    4.822399e-01    4.463744e+24    3.984263e-02    1.992131e-01    5.143661e-02    2.571830e-01
2.014600e+06    4.812098e-01    4.445486e+24    3.976106e-02    1.988053e-01    5.133131e-02    2.566565e-01
2.066660e+06    4.801049e-01    4.425978e+24    3.967372e-02    1.983686e-01    5.121856e-02    2.560928e-01
2.129130e+06    4.789353e-01    4.405338e+24    3.958111e-02    1.979055e-01    5.109899e-02    2.554949e-01
2.204100e+06    4.777313e-01    4.384189e+24    3.948598e-02    1.974299e-01    5.097619e-02    2.548809e-01
2.294060e+06    4.764828e-01    4.362137e+24    3.938655e-02    1.969327e-01    5.084782e-02    2.542391e-01
2.402010e+06    4.751911e-01    4.339496e+24    3.928421e-02    1.964210e-01    5.071569e-02    2.535785e-01
2.531560e+06    4.738678e-01    4.316376e+24    3.917942e-02    1.958971e-01    5.058041e-02    2.529020e-01
2.667630e+06    4.725862e-01    4.293973e+24    3.907761e-02    1.953880e-01    5.044897e-02    2.522449e-01
2.798570e+06    4.713836e-01    4.272964e+24    3.898189e-02    1.949095e-01    5.032541e-02    2.516270e-01
2.924880e+06    4.702327e-01    4.252940e+24    3.889045e-02    1.944522e-01    5.020735e-02    2.510367e-01
3.046910e+06    4.691336e-01    4.233888e+24    3.880324e-02    1.940162e-01    5.009477e-02    2.504738e-01
3.164960e+06    4.680517e-01    4.215114e+24    3.871712e-02    1.935856e-01    4.998358e-02    2.499179e-01
3.279240e+06    4.669828e-01    4.196713e+24    3.863251e-02    1.931625e-01    4.987436e-02    2.493718e-01
3.389890e+06    4.659253e-01    4.178393e+24    3.854810e-02    1.927405e-01    4.976538e-02    2.488269e-01
3.497050e+06    4.648879e-01    4.160536e+24    3.846564e-02    1.923282e-01    4.965893e-02    2.482946e-01
3.600910e+06    4.638549e-01    4.142755e+24    3.838336e-02    1.919168e-01    4.955270e-02    2.477635e-01
3.701560e+06    4.628233e-01    4.125050e+24    3.830125e-02    1.915062e-01    4.944670e-02    2.472335e-01
3.799110e+06    4.617960e-01    4.107422e+24    3.821932e-02    1.910966e-01    4.934093e-02    2.467047e-01
3.893670e+06    4.607845e-01    4.090057e+24    3.813844e-02    1.906922e-01    4.923652e-02    2.461826e-01
3.985350e+06    4.597730e-01    4.072857e+24    3.805817e-02    1.902909e-01    4.913289e-02    2.456644e-01
4.074250e+06    4.587629e-01    4.055638e+24    3.797764e-02    1.898882e-01    4.902892e-02    2.451446e-01
4.160460e+06    4.577572e-01    4.038585e+24    3.789771e-02    1.894885e-01    4.892573e-02    2.446286e-01
4.244050e+06    4.567629e-01    4.021697e+24    3.781838e-02    1.890919e-01    4.882332e-02    2.441166e-01
4.325140e+06    4.557715e-01    4.004878e+24    3.773923e-02    1.886961e-01    4.872113e-02    2.436057e-01
4.403790e+06    4.547816e-01    3.988129e+24    3.766023e-02    1.883011e-01    4.861914e-02    2.430957e-01
4.480100e+06    4.537960e-01    3.971452e+24    3.758140e-02    1.879070e-01    4.851738e-02    2.425869e-01
4.554130e+06    4.528204e-01    3.955026e+24    3.750360e-02    1.875180e-01    4.841694e-02    2.420847e-01
4.625960e+06    4.518477e-01    3.938667e+24    3.742596e-02    1.871298e-01    4.831671e-02    2.415835e-01
4.695680e+06    4.508793e-01    3.922467e+24    3.734892e-02    1.867446e-01    4.821724e-02    2.410862e-01
4.763340e+06    4.499138e-01    3.906243e+24    3.727159e-02    1.863580e-01    4.811742e-02    2.405871e-01
4.829020e+06    4.489540e-01    3.890176e+24    3.719486e-02    1.859743e-01    4.801836e-02    2.400918e-01
4.892770e+06    4.480043e-01    3.874354e+24    3.711915e-02    1.855957e-01    4.792061e-02    2.396031e-01
4.954670e+06    4.470575e-01    3.858596e+24    3.704358e-02    1.852179e-01    4.782306e-02    2.391153e-01
5.014780e+06    4.461164e-01    3.842902e+24    3.696817e-02    1.848408e-01    4.772570e-02    2.386285e-01
5.073160e+06    4.451796e-01    3.827359e+24    3.689334e-02    1.844667e-01    4.762909e-02    2.381455e-01
5.129860e+06    4.442514e-01    3.811968e+24    3.681908e-02    1.840954e-01    4.753323e-02    2.376661e-01
5.184940e+06    4.433290e-01    3.796726e+24    3.674540e-02    1.837270e-01    4.743811e-02    2.371905e-01
5.238460e+06    4.424109e-01    3.781633e+24    3.667229e-02    1.833614e-01    4.734372e-02    2.367186e-01
5.290470e+06    4.414986e-01    3.766599e+24    3.659932e-02    1.829966e-01    4.724952e-02    2.362476e-01
5.341020e+06    4.405948e-01    3.751709e+24    3.652691e-02    1.826345e-01    4.715604e-02    2.357802e-01
5.390150e+06    4.396954e-01    3.736967e+24    3.645507e-02    1.822754e-01    4.706329e-02    2.353165e-01
5.437920e+06    4.388032e-01    3.722282e+24    3.638337e-02    1.819169e-01    4.697073e-02    2.348537e-01
5.484360e+06    4.379181e-01    3.707826e+24    3.631266e-02    1.815633e-01    4.687944e-02    2.343972e-01
5.529530e+06    4.370388e-01    3.693510e+24    3.624248e-02    1.812124e-01    4.678885e-02    2.339442e-01
5.573470e+06    4.361652e-01    3.679250e+24    3.617245e-02    1.808623e-01    4.669844e-02    2.334922e-01
5.616220e+06    4.353003e-01    3.665213e+24    3.610339e-02    1.805169e-01    4.660927e-02    2.330464e-01
5.657810e+06    4.344411e-01    3.651232e+24    3.603446e-02    1.801723e-01    4.652029e-02    2.326014e-01
5.698280e+06    4.335876e-01    3.637469e+24    3.596648e-02    1.798324e-01    4.643253e-02    2.321626e-01
5.737680e+06    4.327414e-01    3.623758e+24    3.589863e-02    1.794932e-01    4.634494e-02    2.317247e-01
5.776040e+06    4.319023e-01    3.610185e+24    3.583134e-02    1.791567e-01    4.625806e-02    2.312903e-01
5.813390e+06    4.310704e-01    3.596908e+24    3.576539e-02    1.788270e-01    4.617292e-02    2.308646e-01
5.849760e+06    4.302471e-01    3.583599e+24    3.569916e-02    1.784958e-01    4.608742e-02    2.304371e-01
5.885190e+06    4.294296e-01    3.570502e+24    3.563387e-02    1.781693e-01    4.600312e-02    2.300156e-01
5.919720e+06    4.286178e-01    3.557454e+24    3.556870e-02    1.778435e-01    4.591899e-02    2.295949e-01
5.953360e+06    4.278147e-01    3.544617e+24    3.550446e-02    1.775223e-01    4.583607e-02    2.291803e-01
5.986140e+06    4.270172e-01    3.531908e+24    3.544076e-02    1.772038e-01    4.575382e-02    2.287691e-01
6.018110e+06    4.262284e-01    3.519325e+24    3.537757e-02    1.768879e-01    4.567225e-02    2.283612e-01
6.049270e+06    4.254468e-01    3.506866e+24    3.531489e-02    1.765745e-01    4.559133e-02    2.279567e-01
6.079670e+06    4.246710e-01    3.494614e+24    3.525315e-02    1.762658e-01    4.551162e-02    2.275581e-01
6.109310e+06    4.239038e-01    3.482406e+24    3.519152e-02    1.759576e-01    4.543205e-02    2.271603e-01
6.138240e+06    4.231437e-01    3.470397e+24    3.513079e-02    1.756540e-01    4.535366e-02    2.267683e-01
6.166470e+06    4.223908e-01    3.458433e+24    3.507018e-02    1.753509e-01    4.527541e-02    2.263770e-01
6.194020e+06    4.216451e-01    3.446666e+24    3.501047e-02    1.750523e-01    4.519832e-02    2.259916e-01
6.220910e+06    4.209052e-01    3.435021e+24    3.495127e-02    1.747564e-01    4.512190e-02    2.256095e-01
6.247170e+06    4.201753e-01    3.423492e+24    3.489257e-02    1.744629e-01    4.504611e-02    2.252306e-01
6.272820e+06    4.194511e-01    3.412159e+24    3.483477e-02    1.741738e-01    4.497149e-02    2.248575e-01
6.297880e+06    4.187342e-01    3.400942e+24    3.477747e-02    1.738873e-01    4.489751e-02    2.244876e-01
6.322360e+06    4.180259e-01    3.389762e+24    3.472025e-02    1.736013e-01    4.482366e-02    2.241183e-01
6.346280e+06    4.173233e-01    3.378852e+24    3.466434e-02    1.733217e-01    4.475147e-02    2.237573e-01
6.369660e+06    4.166279e-01    3.367978e+24    3.460851e-02    1.730425e-01    4.467940e-02    2.233970e-01
6.392520e+06    4.159411e-01    3.357215e+24    3.455317e-02    1.727659e-01    4.460795e-02    2.230398e-01
6.414880e+06    4.152601e-01    3.346642e+24    3.449872e-02    1.724936e-01    4.453765e-02    2.226883e-01
6.436740e+06    4.145876e-01    3.336179e+24    3.444474e-02    1.722237e-01    4.446797e-02    2.223399e-01
6.458130e+06    4.139210e-01    3.325823e+24    3.439125e-02    1.719562e-01    4.439891e-02    2.219945e-01
6.479060e+06    4.132629e-01    3.315654e+24    3.433863e-02    1.716931e-01    4.433098e-02    2.216549e-01
6.499550e+06    4.126106e-01    3.305593e+24    3.428649e-02    1.714324e-01    4.426367e-02    2.213183e-01
6.519600e+06    4.119655e-01    3.295560e+24    3.423442e-02    1.711721e-01    4.419644e-02    2.209822e-01
6.539230e+06    4.113276e-01    3.285785e+24    3.418361e-02    1.709180e-01    4.413085e-02    2.206542e-01
6.558460e+06    4.106968e-01    3.276041e+24    3.413288e-02    1.706644e-01    4.406536e-02    2.203268e-01
6.577290e+06    4.100733e-01    3.266399e+24    3.408262e-02    1.704131e-01    4.400047e-02    2.200024e-01
6.595740e+06    4.094569e-01    3.256936e+24    3.403321e-02    1.701661e-01    4.393669e-02    2.196834e-01
6.613820e+06    4.088463e-01    3.247575e+24    3.398427e-02    1.699213e-01    4.387350e-02    2.193675e-01
6.631530e+06    4.082428e-01    3.238390e+24    3.393618e-02    1.696809e-01    4.381142e-02    2.190571e-01
6.648900e+06    4.076465e-01    3.229231e+24    3.388815e-02    1.694408e-01    4.374942e-02    2.187471e-01
6.665940e+06    4.070575e-01    3.220247e+24    3.384098e-02    1.692049e-01    4.368852e-02    2.184426e-01
6.682640e+06    4.064741e-01    3.211362e+24    3.379426e-02    1.689713e-01    4.362820e-02    2.181410e-01
6.699020e+06    4.058980e-01    3.202575e+24    3.374799e-02    1.687400e-01    4.356847e-02    2.178424e-01
6.715100e+06    4.053276e-01    3.193886e+24    3.370218e-02    1.685109e-01    4.350933e-02    2.175466e-01
6.730870e+06    4.047644e-01    3.185365e+24    3.365720e-02    1.682860e-01    4.345125e-02    2.172563e-01
6.746350e+06    4.042069e-01    3.176869e+24    3.361228e-02    1.680614e-01    4.339327e-02    2.169663e-01
6.761550e+06    4.036566e-01    3.168540e+24    3.356819e-02    1.678409e-01    4.333635e-02    2.166817e-01
6.776470e+06    4.031135e-01    3.160307e+24    3.352455e-02    1.676228e-01    4.328001e-02    2.164001e-01
6.791130e+06    4.025747e-01    3.152167e+24    3.348135e-02    1.674067e-01    4.322424e-02    2.161212e-01
6.805520e+06    4.020431e-01    3.144120e+24    3.343858e-02    1.671929e-01    4.316903e-02    2.158451e-01
6.819660e+06    4.015187e-01    3.136240e+24    3.339666e-02    1.669833e-01    4.311490e-02    2.155745e-01
6.833560e+06    4.009986e-01    3.128379e+24    3.335477e-02    1.667739e-01    4.306082e-02    2.153041e-01
6.847210e+06    4.004856e-01    3.120681e+24    3.331371e-02    1.665685e-01    4.300781e-02    2.150391e-01
6.860640e+06    3.999785e-01    3.113073e+24    3.327307e-02    1.663654e-01    4.295536e-02    2.147768e-01
6.873840e+06    3.994770e-01    3.105555e+24    3.323288e-02    1.661644e-01    4.290346e-02    2.145173e-01
6.886810e+06    3.989813e-01    3.098128e+24    3.319311e-02    1.659656e-01    4.285212e-02    2.142606e-01
6.899580e+06    3.984914e-01    3.090789e+24    3.315377e-02    1.657689e-01    4.280134e-02    2.140067e-01
6.912140e+06    3.980072e-01    3.083538e+24    3.311487e-02    1.655743e-01    4.275111e-02    2.137555e-01
6.924490e+06    3.975287e-01    3.076375e+24    3.307638e-02    1.653819e-01    4.270142e-02    2.135071e-01
6.936650e+06    3.970560e-01    3.069299e+24    3.303832e-02    1.651916e-01    4.265229e-02    2.132614e-01
6.948610e+06    3.965891e-01    3.062382e+24    3.300107e-02    1.650053e-01    4.260420e-02    2.130210e-01
6.960390e+06    3.961264e-01    3.055478e+24    3.296385e-02    1.648192e-01    4.255615e-02    2.127807e-01
6.971990e+06    3.956695e-01    3.048662e+24    3.292706e-02    1.646353e-01    4.250865e-02    2.125433e-01
6.983410e+06    3.952184e-01    3.042000e+24    3.289106e-02    1.644553e-01    4.246218e-02    2.123109e-01
6.994650e+06    3.947730e-01    3.035354e+24    3.285512e-02    1.642756e-01    4.241577e-02    2.120789e-01
7.005730e+06    3.943319e-01    3.028861e+24    3.281995e-02    1.640998e-01    4.237038e-02    2.118519e-01
7.016650e+06    3.938966e-01    3.022381e+24    3.278483e-02    1.639241e-01    4.232503e-02    2.116252e-01
7.027400e+06    3.934655e-01    3.015985e+24    3.275012e-02    1.637506e-01    4.228022e-02    2.114011e-01
7.038000e+06    3.930402e-01    3.009743e+24    3.271621e-02    1.635811e-01    4.223645e-02    2.111822e-01
7.048450e+06    3.926207e-01    3.003512e+24    3.268233e-02    1.634116e-01    4.219270e-02    2.109635e-01
7.058750e+06    3.922040e-01    2.997363e+24    3.264886e-02    1.632443e-01    4.214950e-02    2.107475e-01
7.068900e+06    3.917931e-01    2.991365e+24    3.261617e-02    1.630809e-01    4.210730e-02    2.105365e-01
7.078920e+06    3.913879e-01    2.985378e+24    3.258352e-02    1.629176e-01    4.206514e-02    2.103257e-01
7.088790e+06    3.909856e-01    2.979473e+24    3.255128e-02    1.627564e-01    4.202352e-02    2.101176e-01
7.098530e+06    3.905891e-01    2.973645e+24    3.251943e-02    1.625971e-01    4.198240e-02    2.099120e-01
7.108150e+06    3.901968e-01    2.967831e+24    3.248762e-02    1.624381e-01    4.194134e-02    2.097067e-01
7.117630e+06    3.898089e-01    2.962234e+24    3.245697e-02    1.622848e-01    4.190177e-02    2.095088e-01
7.126990e+06    3.894253e-01    2.956578e+24    3.242597e-02    1.621299e-01    4.186175e-02    2.093087e-01
7.136230e+06    3.890460e-01    2.951068e+24    3.239574e-02    1.619787e-01    4.182272e-02    2.091136e-01
7.145350e+06    3.886724e-01    2.945570e+24    3.236555e-02    1.618277e-01    4.178374e-02    2.089187e-01
7.154350e+06    3.883017e-01    2.940148e+24    3.233575e-02    1.616787e-01    4.174527e-02    2.087264e-01
7.163240e+06    3.879353e-01    2.934805e+24    3.230636e-02    1.615318e-01    4.170733e-02    2.085366e-01
7.172020e+06    3.875733e-01    2.929538e+24    3.227735e-02    1.613868e-01    4.166988e-02    2.083494e-01
7.180690e+06    3.872155e-01    2.924283e+24    3.224839e-02    1.612419e-01    4.163249e-02    2.081624e-01
7.189250e+06    3.868606e-01    2.919169e+24    3.222018e-02    1.611009e-01    4.159607e-02    2.079804e-01
7.197720e+06    3.865115e-01    2.914065e+24    3.219200e-02    1.609600e-01    4.155969e-02    2.077984e-01
7.206080e+06    3.861652e-01    2.909038e+24    3.216422e-02    1.608211e-01    4.152383e-02    2.076191e-01
7.214340e+06    3.858233e-01    2.904085e+24    3.213683e-02    1.606841e-01    4.148846e-02    2.074423e-01
7.222500e+06    3.854842e-01    2.899140e+24    3.210946e-02    1.605473e-01    4.145313e-02    2.072656e-01
7.230570e+06    3.851494e-01    2.894338e+24    3.208285e-02    1.604142e-01    4.141878e-02    2.070939e-01
7.238550e+06    3.848190e-01    2.889543e+24    3.205626e-02    1.602813e-01    4.138446e-02    2.069223e-01
7.246440e+06    3.844914e-01    2.884757e+24    3.202970e-02    1.601485e-01    4.135017e-02    2.067508e-01
7.254240e+06    3.841667e-01    2.880111e+24    3.200390e-02    1.600195e-01    4.131686e-02    2.065843e-01
7.261950e+06    3.838462e-01    2.875472e+24    3.197812e-02    1.598906e-01    4.128357e-02    2.064179e-01
7.269580e+06    3.835302e-01    2.870908e+24    3.195273e-02    1.597636e-01    4.125079e-02    2.062540e-01
7.277120e+06    3.832170e-01    2.866416e+24    3.192772e-02    1.596386e-01    4.121851e-02    2.060926e-01
7.284580e+06    3.829066e-01    2.861932e+24    3.190274e-02    1.595137e-01    4.118626e-02    2.059313e-01
7.291970e+06    3.825991e-01    2.857520e+24    3.187814e-02    1.593907e-01    4.115450e-02    2.057725e-01
7.299270e+06    3.822960e-01    2.853181e+24    3.185393e-02    1.592696e-01    4.112324e-02    2.056162e-01
7.306500e+06    3.819957e-01    2.848847e+24    3.182973e-02    1.591486e-01    4.109200e-02    2.054600e-01
7.313650e+06    3.816983e-01    2.844587e+24    3.180592e-02    1.590296e-01    4.106126e-02    2.053063e-01
7.320740e+06    3.814052e-01    2.840333e+24    3.178213e-02    1.589106e-01    4.103055e-02    2.051527e-01
7.327740e+06    3.811135e-01    2.836150e+24    3.175871e-02    1.587936e-01    4.100032e-02    2.050016e-01
7.334680e+06    3.808262e-01    2.832039e+24    3.173569e-02    1.586784e-01    4.097060e-02    2.048530e-01
7.341550e+06    3.805417e-01    2.827935e+24    3.171268e-02    1.585634e-01    4.094090e-02    2.047045e-01
7.348350e+06    3.802601e-01    2.823900e+24    3.169005e-02    1.584502e-01    4.091168e-02    2.045584e-01
7.355090e+06    3.799799e-01    2.819937e+24    3.166781e-02    1.583390e-01    4.088297e-02    2.044148e-01
7.361760e+06    3.797040e-01    2.815978e+24    3.164557e-02    1.582279e-01    4.085426e-02    2.042713e-01
7.368370e+06    3.794310e-01    2.812091e+24    3.162372e-02    1.581186e-01    4.082605e-02    2.041303e-01
7.374910e+06    3.791609e-01    2.808208e+24    3.160188e-02    1.580094e-01    4.079786e-02    2.039893e-01
7.381390e+06    3.788922e-01    2.804395e+24    3.158042e-02    1.579021e-01    4.077015e-02    2.038507e-01
7.387820e+06    3.786279e-01    2.800589e+24    3.155898e-02    1.577949e-01    4.074247e-02    2.037123e-01
7.394180e+06    3.783649e-01    2.796851e+24    3.153791e-02    1.576896e-01    4.071527e-02    2.035764e-01
7.400480e+06    3.781049e-01    2.793182e+24    3.151722e-02    1.575861e-01    4.068856e-02    2.034428e-01
7.406730e+06    3.778477e-01    2.789518e+24    3.149654e-02    1.574827e-01    4.066186e-02    2.033093e-01
7.412920e+06    3.775934e-01    2.785860e+24    3.147589e-02    1.573794e-01    4.063520e-02    2.031760e-01
7.419060e+06    3.773405e-01    2.782334e+24    3.145596e-02    1.572798e-01    4.060947e-02    2.030474e-01
7.425140e+06    3.770905e-01    2.778749e+24    3.143569e-02    1.571784e-01    4.058330e-02    2.029165e-01
7.431170e+06    3.768434e-01    2.775232e+24    3.141579e-02    1.570789e-01    4.055761e-02    2.027880e-01
7.437150e+06    3.765977e-01    2.771783e+24    3.139626e-02    1.569813e-01    4.053240e-02    2.026620e-01
7.443080e+06    3.763549e-01    2.768339e+24    3.137675e-02    1.568837e-01    4.050721e-02    2.025360e-01
7.448960e+06    3.761149e-01    2.764898e+24    3.135724e-02    1.567862e-01    4.048203e-02    2.024102e-01
7.454790e+06    3.758764e-01    2.761526e+24    3.133812e-02    1.566906e-01    4.045734e-02    2.022867e-01
7.460560e+06    3.756408e-01    2.758222e+24    3.131936e-02    1.565968e-01    4.043312e-02    2.021656e-01
7.466300e+06    3.754066e-01    2.754921e+24    3.130062e-02    1.565031e-01    4.040892e-02    2.020446e-01
7.471980e+06    3.751753e-01    2.751625e+24    3.128189e-02    1.564094e-01    4.038474e-02    2.019237e-01
7.477620e+06    3.749468e-01    2.748396e+24    3.126352e-02    1.563176e-01    4.036104e-02    2.018052e-01
7.483210e+06    3.747184e-01    2.745170e+24    3.124517e-02    1.562259e-01    4.033734e-02    2.016867e-01
7.488760e+06    3.744942e-01    2.742012e+24    3.122719e-02    1.561360e-01    4.031414e-02    2.015707e-01
7.494270e+06    3.742701e-01    2.738857e+24    3.120922e-02    1.560461e-01    4.029094e-02    2.014547e-01
7.499730e+06    3.740503e-01    2.735706e+24    3.119127e-02    1.559563e-01    4.026775e-02    2.013388e-01
7.505150e+06    3.738305e-01    2.732619e+24    3.117367e-02    1.558683e-01    4.024503e-02    2.012252e-01
7.510530e+06    3.736135e-01    2.729601e+24    3.115645e-02    1.557822e-01    4.022280e-02    2.011140e-01
7.516980e+06    3.733535e-01    2.725958e+24    3.113565e-02    1.556782e-01    4.019595e-02    2.009797e-01
7.524720e+06    3.730417e-01    2.721568e+24    3.111056e-02    1.555528e-01    4.016357e-02    2.008178e-01
7.534020e+06    3.726695e-01    2.716309e+24    3.108049e-02    1.554025e-01    4.012475e-02    2.006237e-01
7.545170e+06    3.722241e-01    2.710062e+24    3.104474e-02    1.552237e-01    4.007858e-02    2.003929e-01
7.558550e+06    3.716911e-01    2.702585e+24    3.100188e-02    1.550094e-01    4.002325e-02    2.001162e-01
7.574610e+06    3.710546e-01    2.693700e+24    3.095088e-02    1.547544e-01    3.995741e-02    1.997870e-01
7.593880e+06    3.702974e-01    2.683054e+24    3.088965e-02    1.544483e-01    3.987837e-02    1.993918e-01
7.617010e+06    3.693937e-01    2.670479e+24    3.081718e-02    1.540859e-01    3.978481e-02    1.989240e-01
7.644750e+06    3.683219e-01    2.655518e+24    3.073073e-02    1.536537e-01    3.967321e-02    1.983660e-01
7.678050e+06    3.670503e-01    2.637906e+24    3.062866e-02    1.531433e-01    3.954143e-02    1.977071e-01
7.718010e+06    3.655460e-01    2.617033e+24    3.050724e-02    1.525362e-01    3.938468e-02    1.969234e-01
7.765960e+06    3.637716e-01    2.592563e+24    3.036428e-02    1.518214e-01    3.920012e-02    1.960006e-01
7.823510e+06    3.616868e-01    2.563948e+24    3.019625e-02    1.509812e-01    3.898319e-02    1.949159e-01
7.892550e+06    3.592457e-01    2.530633e+24    2.999942e-02    1.499971e-01    3.872909e-02    1.936454e-01
7.975410e+06    3.564023e-01    2.492064e+24    2.976994e-02    1.488497e-01    3.843282e-02    1.921641e-01
8.074840e+06    3.531063e-01    2.447593e+24    2.950312e-02    1.475156e-01    3.808837e-02    1.904418e-01
8.182900e+06    3.496566e-01    2.401371e+24    2.922321e-02    1.461161e-01    3.772700e-02    1.886350e-01
8.294120e+06    3.462357e-01    2.355913e+24    2.894529e-02    1.447265e-01    3.736821e-02    1.868410e-01
8.408610e+06    3.428448e-01    2.311156e+24    2.866903e-02    1.433451e-01    3.701156e-02    1.850578e-01
8.526470e+06    3.394842e-01    2.267144e+24    2.839474e-02    1.419737e-01    3.665745e-02    1.832873e-01
8.647810e+06    3.361523e-01    2.223818e+24    2.812211e-02    1.406106e-01    3.630549e-02    1.815275e-01
8.772740e+06    3.328491e-01    2.181219e+24    2.785146e-02    1.392573e-01    3.595608e-02    1.797804e-01
8.901370e+06    3.295790e-01    2.136925e+24    2.756722e-02    1.378361e-01    3.558913e-02    1.779457e-01
9.033970e+06    3.263434e-01    2.090351e+24    2.726515e-02    1.363258e-01    3.519916e-02    1.759958e-01
9.170870e+06    3.231365e-01    2.044651e+24    2.696547e-02    1.348273e-01    3.481227e-02    1.740613e-01
9.312220e+06    3.199598e-01    1.999813e+24    2.666816e-02    1.333408e-01    3.442844e-02    1.721422e-01
9.458170e+06    3.168118e-01    1.955867e+24    2.637351e-02    1.318676e-01    3.404806e-02    1.702403e-01
9.608880e+06    3.136925e-01    1.912755e+24    2.608122e-02    1.304061e-01    3.367072e-02    1.683536e-01
9.764530e+06    3.106035e-01    1.870507e+24    2.579158e-02    1.289579e-01    3.329679e-02    1.664839e-01
9.925270e+06    3.075431e-01    1.829149e+24    2.550486e-02    1.275243e-01    3.292663e-02    1.646331e-01
1.009130e+07    3.045115e-01    1.788543e+24    2.522017e-02    1.261008e-01    3.255910e-02    1.627955e-01
1.026270e+07    3.015086e-01    1.748797e+24    2.493837e-02    1.246918e-01    3.219529e-02    1.609765e-01
1.043990e+07    2.985331e-01    1.709855e+24    2.465914e-02    1.232957e-01    3.183481e-02    1.591741e-01
1.062280e+07    2.955862e-01    1.671665e+24    2.438220e-02    1.219110e-01    3.147729e-02    1.573864e-01
1.081180e+07    2.926681e-01    1.634215e+24    2.410754e-02    1.205377e-01    3.112270e-02    1.556135e-01
1.100710e+07    2.897759e-01    1.597531e+24    2.383543e-02    1.191771e-01    3.077140e-02    1.538570e-01
1.120880e+07    2.869109e-01    1.561562e+24    2.356557e-02    1.178279e-01    3.042302e-02    1.521151e-01
1.141730e+07    2.840733e-01    1.526333e+24    2.329823e-02    1.164912e-01    3.007789e-02    1.503894e-01
1.163260e+07    2.812615e-01    1.491796e+24    2.303313e-02    1.151657e-01    2.973565e-02    1.486782e-01
1.185520e+07    2.784756e-01    1.457905e+24    2.277000e-02    1.138500e-01    2.939594e-02    1.469797e-01
1.208520e+07    2.757169e-01    1.424720e+24    2.250935e-02    1.125468e-01    2.905945e-02    1.452972e-01
1.232300e+07    2.729813e-01    1.392161e+24    2.225066e-02    1.112533e-01    2.872548e-02    1.436274e-01
1.256870e+07    2.702716e-01    1.360252e+24    2.199419e-02    1.099709e-01    2.839438e-02    1.419719e-01
1.282280e+07    2.675862e-01    1.328952e+24    2.173967e-02    1.086984e-01    2.806580e-02    1.403290e-01
1.308540e+07    2.649238e-01    1.298253e+24    2.148711e-02    1.074356e-01    2.773974e-02    1.386987e-01
1.335690e+07    2.622859e-01    1.268117e+24    2.123626e-02    1.061813e-01    2.741589e-02    1.370795e-01
1.363770e+07    2.596724e-01    1.238566e+24    2.098737e-02    1.049368e-01    2.709457e-02    1.354729e-01
1.392800e+07    2.570833e-01    1.209565e+24    2.074020e-02    1.037010e-01    2.677549e-02    1.338774e-01
1.422840e+07    2.545158e-01    1.181134e+24    2.049500e-02    1.024750e-01    2.645893e-02    1.322947e-01
1.453900e+07    2.519727e-01    1.153213e+24    2.025130e-02    1.012565e-01    2.614432e-02    1.307216e-01
1.486040e+07    2.494526e-01    1.125795e+24    2.000912e-02    1.000456e-01    2.583166e-02    1.291583e-01
1.519290e+07    2.469598e-01    1.097259e+24    1.975391e-02    9.876953e-02    2.550218e-02    1.275109e-01
1.553760e+07    2.444914e-01    1.069275e+24    1.950038e-02    9.750188e-02    2.517488e-02    1.258744e-01
1.589480e+07    2.420445e-01    1.042003e+24    1.925010e-02    9.625048e-02    2.485177e-02    1.242588e-01
1.626510e+07    2.396207e-01    1.015381e+24    1.900259e-02    9.501297e-02    2.453224e-02    1.226612e-01
1.664890e+07    2.372213e-01    9.894170e+23    1.875806e-02    9.379032e-02    2.421656e-02    1.210828e-01
1.704680e+07    2.348434e-01    9.641384e+23    1.851689e-02    9.258444e-02    2.390520e-02    1.195260e-01
1.745930e+07    2.324900e-01    9.394840e+23    1.827860e-02    9.139301e-02    2.359757e-02    1.179879e-01
1.788680e+07    2.301581e-01    9.154811e+23    1.804359e-02    9.021796e-02    2.329418e-02    1.164709e-01
1.833000e+07    2.278491e-01    8.921120e+23    1.781181e-02    8.905904e-02    2.299494e-02    1.149747e-01
1.878950e+07    2.255632e-01    8.693394e+23    1.758300e-02    8.791501e-02    2.269956e-02    1.134978e-01
1.926570e+07    2.232988e-01    8.471482e+23    1.735713e-02    8.678567e-02    2.240796e-02    1.120398e-01
1.975940e+07    2.210589e-01    8.255611e+23    1.713456e-02    8.567279e-02    2.212062e-02    1.106031e-01
2.027110e+07    2.188405e-01    8.044687e+23    1.691426e-02    8.457128e-02    2.183621e-02    1.091811e-01
2.080160e+07    2.166437e-01    7.839153e+23    1.669679e-02    8.348393e-02    2.155546e-02    1.077773e-01
2.135150e+07    2.144698e-01    7.638699e+23    1.648193e-02    8.240964e-02    2.127808e-02    1.063904e-01
2.192150e+07    2.123175e-01    7.442851e+23    1.626927e-02    8.134633e-02    2.100353e-02    1.050177e-01
2.251250e+07    2.101868e-01    7.251523e+23    1.605879e-02    8.029397e-02    2.073181e-02    1.036591e-01
2.312520e+07    2.080776e-01    7.064791e+23    1.585068e-02    7.925341e-02    2.046314e-02    1.023157e-01
2.376050e+07    2.059899e-01    6.882234e+23    1.564455e-02    7.822274e-02    2.019703e-02    1.009851e-01
2.441930e+07    2.039238e-01    6.703771e+23    1.544038e-02    7.720188e-02    1.993344e-02    9.966720e-02
2.510240e+07    2.018779e-01    6.529341e+23    1.523818e-02    7.619088e-02    1.967240e-02    9.836200e-02
2.581090e+07    1.998520e-01    6.358713e+23    1.503775e-02    7.518876e-02    1.941365e-02    9.706827e-02
2.654580e+07    1.978477e-01    6.191976e+23    1.483929e-02    7.419642e-02    1.915743e-02    9.578717e-02
2.730810e+07    1.958635e-01    6.028917e+23    1.464259e-02    7.321296e-02    1.890351e-02    9.451752e-02
2.809890e+07    1.938994e-01    5.869475e+23    1.444767e-02    7.223837e-02    1.865187e-02    9.325933e-02
2.891950e+07    1.919555e-01    5.713330e+23    1.425420e-02    7.127102e-02    1.840210e-02    9.201049e-02
2.977110e+07    1.900316e-01    5.559672e+23    1.406122e-02    7.030608e-02    1.815295e-02    9.076476e-02
3.065500e+07    1.881264e-01    5.408778e+23    1.386909e-02    6.934544e-02    1.790492e-02    8.952457e-02
3.157280e+07    1.862428e-01    5.260890e+23    1.367817e-02    6.839084e-02    1.765844e-02    8.829220e-02
3.252590e+07    1.843793e-01    5.110806e+23    1.348165e-02    6.740824e-02    1.740473e-02    8.702367e-02
3.351700e+07    1.825374e-01    4.963629e+23    1.328611e-02    6.643057e-02    1.715230e-02    8.576150e-02
3.454770e+07    1.807126e-01    4.819470e+23    1.309176e-02    6.545879e-02    1.690139e-02    8.450694e-02
3.562000e+07    1.789080e-01    4.678420e+23    1.289876e-02    6.449379e-02    1.665223e-02    8.326113e-02
3.673570e+07    1.771221e-01    4.540141e+23    1.270671e-02    6.353353e-02    1.640429e-02    8.202144e-02
3.789710e+07    1.753563e-01    4.404729e+23    1.251578e-02    6.257890e-02    1.615780e-02    8.078901e-02
3.910610e+07    1.736078e-01    4.272177e+23    1.232602e-02    6.163011e-02    1.591283e-02    7.956413e-02
4.036530e+07    1.718793e-01    4.142182e+23    1.213704e-02    6.068522e-02    1.566886e-02    7.834428e-02
4.167700e+07    1.701681e-01    4.014850e+23    1.194904e-02    5.974520e-02    1.542614e-02    7.713072e-02
4.304390e+07    1.684770e-01    3.889998e+23    1.176178e-02    5.880889e-02    1.518439e-02    7.592195e-02
4.446890e+07    1.668032e-01    3.767466e+23    1.157505e-02    5.787526e-02    1.494333e-02    7.471664e-02
4.595500e+07    1.651480e-01    3.647365e+23    1.138906e-02    5.694531e-02    1.470322e-02    7.351607e-02
4.750540e+07    1.635100e-01    3.528412e+23    1.120180e-02    5.600901e-02    1.446147e-02    7.230733e-02
4.912410e+07    1.618922e-01    3.411060e+23    1.101395e-02    5.506973e-02    1.421894e-02    7.109472e-02
5.081530e+07    1.602917e-01    3.296168e+23    1.082687e-02    5.413436e-02    1.397743e-02    6.988716e-02
5.258290e+07    1.587069e-01    3.183752e+23    1.064064e-02    5.320322e-02    1.373701e-02    6.868506e-02
5.443110e+07    1.571408e-01    3.073967e+23    1.045557e-02    5.227787e-02    1.349809e-02    6.749045e-02
5.636440e+07    1.555920e-01    2.966807e+23    1.027172e-02    5.135857e-02    1.326073e-02    6.630363e-02
5.838750e+07    1.540603e-01    2.862328e+23    1.008923e-02    5.044614e-02    1.302514e-02    6.512569e-02
6.050530e+07    1.525445e-01    2.760382e+23    9.907929e-03    4.953965e-02    1.279108e-02    6.395541e-02
6.272310e+07    1.510445e-01    2.661088e+23    9.728098e-03    4.864049e-02    1.255892e-02    6.279461e-02
6.504660e+07    1.495604e-01    2.564185e+23    9.549332e-03    4.774666e-02    1.232813e-02    6.164067e-02
6.748170e+07    1.480934e-01    2.469615e+23    9.371583e-03    4.685792e-02    1.209866e-02    6.049331e-02
7.003520e+07    1.466408e-01    2.376508e+23    9.193227e-03    4.596613e-02    1.186841e-02    5.934202e-02
7.271500e+07    1.452055e-01    2.285647e+23    9.015772e-03    4.507886e-02    1.163931e-02    5.819656e-02
7.552890e+07    1.437830e-01    2.196895e+23    8.838996e-03    4.419498e-02    1.141109e-02    5.705547e-02
7.848540e+07    1.423764e-01    2.110033e+23    8.662494e-03    4.331247e-02    1.118323e-02    5.591616e-02
8.159400e+07    1.409843e-01    2.025020e+23    8.486195e-03    4.243097e-02    1.095563e-02    5.477815e-02
8.486510e+07    1.396068e-01    1.941732e+23    8.309846e-03    4.154923e-02    1.072797e-02    5.363983e-02
8.831010e+07    1.382435e-01    1.860156e+23    8.133416e-03    4.066708e-02    1.050020e-02    5.250097e-02
9.194170e+07    1.368947e-01    1.780284e+23    7.956882e-03    3.978441e-02    1.027229e-02    5.136145e-02
9.577370e+07    1.355598e-01    1.702078e+23    7.780151e-03    3.890075e-02    1.004413e-02    5.022066e-02
9.982120e+07    1.342391e-01    1.625696e+23    7.603577e-03    3.801788e-02    9.816175e-03    4.908088e-02
1.041010e+08    1.329322e-01    1.551169e+23    7.427248e-03    3.713624e-02    9.588536e-03    4.794268e-02
1.086300e+08    1.316392e-01    1.478527e+23    7.251251e-03    3.625626e-02    9.361325e-03    4.680663e-02
1.134280e+08    1.303601e-01    1.407827e+23    7.075758e-03    3.537879e-02    9.134764e-03    4.567382e-02
1.185160e+08    1.290944e-01    1.339089e+23    6.900856e-03    3.450428e-02    8.908967e-03    4.454483e-02
1.239190e+08    1.278415e-01    1.273032e+23    6.728495e-03    3.364248e-02    8.686450e-03    4.343225e-02
1.296570e+08    1.266019e-01    1.209064e+23    6.557269e-03    3.278635e-02    8.465398e-03    4.232699e-02
1.357580e+08    1.253753e-01    1.146963e+23    6.386648e-03    3.193324e-02    8.245126e-03    4.122563e-02
1.422520e+08    1.241618e-01    1.086749e+23    6.216743e-03    3.108371e-02    8.025781e-03    4.012890e-02
1.491730e+08    1.229611e-01    1.028417e+23    6.047599e-03    3.023799e-02    7.807416e-03    3.903708e-02
1.565590e+08    1.217726e-01    9.725216e+22    5.880956e-03    2.940478e-02    7.592282e-03    3.796141e-02
1.644440e+08    1.205947e-01    9.200453e+22    5.720091e-03    2.860045e-02    7.384605e-03    3.692303e-02
1.728610e+08    1.194293e-01    8.692192e+22    5.559849e-03    2.779924e-02    7.177734e-03    3.588867e-02
1.818580e+08    1.182764e-01    8.199346e+22    5.399927e-03    2.699964e-02    6.971276e-03    3.485638e-02
1.914870e+08    1.171362e-01    7.720746e+22    5.239960e-03    2.619980e-02    6.764759e-03    3.382379e-02
2.018140e+08    1.160083e-01    7.256035e+22    5.079816e-03    2.539908e-02    6.558014e-03    3.279007e-02
2.129080e+08    1.148931e-01    6.805017e+22    4.919409e-03    2.459704e-02    6.350929e-03    3.175465e-02
2.248530e+08    1.137905e-01    6.365013e+22    4.757710e-03    2.378855e-02    6.142177e-03    3.071089e-02
2.377470e+08    1.127009e-01    5.935118e+22    4.594233e-03    2.297116e-02    5.931129e-03    2.965564e-02
2.517090e+08    1.116243e-01    5.515937e+22    4.429023e-03    2.214512e-02    5.717845e-03    2.858922e-02
2.668760e+08    1.105629e-01    5.096819e+22    4.257434e-03    2.128717e-02    5.496323e-03    2.748162e-02
2.834490e+08    1.095144e-01    4.692662e+22    4.085150e-03    2.042575e-02    5.273906e-03    2.636953e-02
3.016210e+08    1.084782e-01    4.305755e+22    3.913118e-03    1.956559e-02    5.051814e-03    2.525907e-02
3.216150e+08    1.074523e-01    3.944838e+22    3.745527e-03    1.872763e-02    4.835455e-03    2.417727e-02
3.436470e+08    1.064372e-01    3.606530e+22    3.581320e-03    1.790660e-02    4.623464e-03    2.311732e-02
3.679750e+08    1.054336e-01    3.287981e+22    3.419503e-03    1.709751e-02    4.414559e-03    2.207280e-02
3.949140e+08    1.044405e-01    2.991020e+22    3.261429e-03    1.630715e-02    4.210487e-03    2.105244e-02
4.248100e+08    1.034585e-01    2.713495e+22    3.106439e-03    1.553220e-02    4.010396e-03    2.005198e-02
4.564980e+08    1.025299e-01    2.463993e+22    2.960179e-03    1.480090e-02    3.821575e-03    1.910787e-02
4.881860e+08    1.016955e-01    2.251226e+22    2.829488e-03    1.414744e-02    3.652853e-03    1.826427e-02
5.198740e+08    1.009404e-01    2.068613e+22    2.712301e-03    1.356151e-02    3.501566e-03    1.750783e-02
5.515620e+08    1.002540e-01    1.906862e+22    2.604102e-03    1.302051e-02    3.361881e-03    1.680941e-02
5.832500e+08    9.962759e-02    1.762338e+22    2.503473e-03    1.251736e-02    3.231970e-03    1.615985e-02
6.149380e+08    9.905359e-02    1.634329e+22    2.410838e-03    1.205419e-02    3.112379e-03    1.556189e-02
6.466270e+08    9.852543e-02    1.520055e+22    2.325027e-03    1.162513e-02    3.001596e-03    1.500798e-02
6.783150e+08    9.803836e-02    1.416412e+22    2.244363e-03    1.122181e-02    2.897460e-03    1.448730e-02
7.100030e+08    9.758779e-02    1.322571e+22    2.168742e-03    1.084371e-02    2.799834e-03    1.399917e-02
7.416910e+08    9.716997e-02    1.237398e+22    2.097747e-03    1.048873e-02    2.708179e-03    1.354090e-02
7.733790e+08    9.678218e-02    1.158029e+22    2.029355e-03    1.014678e-02    2.619886e-03    1.309943e-02
8.050670e+08    9.642127e-02    1.086523e+22    1.965703e-03    9.828514e-03    2.537711e-03    1.268856e-02
8.367550e+08    9.608434e-02    1.021784e+22    1.906241e-03    9.531206e-03    2.460947e-03    1.230473e-02
8.684430e+08    9.576882e-02    9.632724e+21    1.850857e-03    9.254285e-03    2.389446e-03    1.194723e-02
9.001310e+08    9.547256e-02    9.103515e+21    1.799297e-03    8.996485e-03    2.322883e-03    1.161441e-02
9.318190e+08    9.519339e-02    8.629767e+21    1.751854e-03    8.759269e-03    2.261634e-03    1.130817e-02
9.635070e+08    9.492960e-02    8.206339e+21    1.708335e-03    8.541675e-03    2.205451e-03    1.102725e-02
9.951950e+08    9.467960e-02    7.819142e+21    1.667546e-03    8.337731e-03    2.152793e-03    1.076396e-02
1.026880e+09    9.444210e-02    7.462412e+21    1.629063e-03    8.145316e-03    2.103112e-03    1.051556e-02
1.058570e+09    9.421638e-02    7.132952e+21    1.592696e-03    7.963481e-03    2.056162e-03    1.028081e-02
1.090260e+09    9.400129e-02    6.828406e+21    1.558325e-03    7.791624e-03    2.011789e-03    1.005894e-02
1.121950e+09    9.379598e-02    6.545897e+21    1.525748e-03    7.628741e-03    1.969733e-03    9.848663e-03
1.153640e+09    9.359971e-02    6.283033e+21    1.494800e-03    7.473998e-03    1.929778e-03    9.648890e-03
1.185320e+09    9.341164e-02    6.044486e+21    1.466149e-03    7.330743e-03    1.892790e-03    9.463949e-03
1.217010e+09    9.323118e-02    5.825579e+21    1.439355e-03    7.196774e-03    1.858199e-03    9.290995e-03
1.248700e+09    9.305776e-02    5.619780e+21    1.413702e-03    7.068512e-03    1.825082e-03    9.125409e-03
1.280390e+09    9.289095e-02    5.426117e+21    1.389130e-03    6.945650e-03    1.793359e-03    8.966795e-03
1.312080e+09    9.273031e-02    5.243236e+21    1.365520e-03    6.827599e-03    1.762879e-03    8.814393e-03
1.343760e+09    9.257543e-02    5.070014e+21    1.342774e-03    6.713869e-03    1.733514e-03    8.667568e-03
1.375450e+09    9.242615e-02    4.905794e+21    1.320848e-03    6.604242e-03    1.705208e-03    8.526039e-03
1.407140e+09    9.228204e-02    4.749625e+21    1.299655e-03    6.498273e-03    1.677847e-03    8.389235e-03
1.438830e+09    9.214282e-02    4.601285e+21    1.279198e-03    6.395992e-03    1.651438e-03    8.257190e-03
1.470520e+09    9.200819e-02    4.460252e+21    1.259442e-03    6.297208e-03    1.625932e-03    8.129660e-03
1.502200e+09    9.187816e-02    4.325930e+21    1.240332e-03    6.201662e-03    1.601262e-03    8.006311e-03
1.533890e+09    9.175216e-02    4.197680e+21    1.221808e-03    6.109040e-03    1.577347e-03    7.886737e-03
1.565580e+09    9.163003e-02    4.082246e+21    1.204891e-03    6.024457e-03    1.555508e-03    7.777540e-03
1.597270e+09    9.151150e-02    3.971633e+21    1.188455e-03    5.942277e-03    1.534289e-03    7.671447e-03
1.628960e+09    9.139655e-02    3.865444e+21    1.172460e-03    5.862300e-03    1.513639e-03    7.568196e-03
1.660650e+09    9.128477e-02    3.763564e+21    1.156906e-03    5.784529e-03    1.493559e-03    7.467795e-03
1.692330e+09    9.117615e-02    3.665634e+21    1.141755e-03    5.708774e-03    1.473999e-03    7.369996e-03
1.724020e+09    9.107054e-02    3.571490e+21    1.126998e-03    5.634989e-03    1.454948e-03    7.274739e-03
1.755710e+09    9.096796e-02    3.480961e+21    1.112623e-03    5.563113e-03    1.436390e-03    7.181948e-03
1.787400e+09    9.086811e-02    3.393825e+21    1.098609e-03    5.493043e-03    1.418298e-03    7.091489e-03
1.819090e+09    9.077083e-02    3.309858e+21    1.084933e-03    5.424666e-03    1.400643e-03    7.003214e-03
1.850770e+09    9.067630e-02    3.228785e+21    1.071563e-03    5.357817e-03    1.383382e-03    6.916912e-03
1.882460e+09    9.058405e-02    3.150645e+21    1.058518e-03    5.292587e-03    1.366540e-03    6.832701e-03
1.914150e+09    9.049425e-02    3.075314e+21    1.045787e-03    5.228933e-03    1.350105e-03    6.750523e-03
1.945840e+09    9.040675e-02    3.002750e+21    1.033375e-03    5.166874e-03    1.334081e-03    6.670406e-03
1.977530e+09    9.032155e-02    2.932710e+21    1.021252e-03    5.106259e-03    1.318430e-03    6.592153e-03
2.009210e+09    9.023836e-02    2.865096e+21    1.009411e-03    5.047053e-03    1.303144e-03    6.515718e-03
2.040900e+09    9.015718e-02    2.799751e+21    9.978334e-04    4.989167e-03    1.288197e-03    6.440987e-03
2.072590e+09    9.007787e-02    2.741697e+21    9.874339e-04    4.937169e-03    1.274772e-03    6.373859e-03
2.104280e+09    9.000015e-02    2.692026e+21    9.784483e-04    4.892242e-03    1.263171e-03    6.315857e-03
2.135970e+09    8.992385e-02    2.643622e+21    9.696121e-04    4.848060e-03    1.251764e-03    6.258819e-03
2.167650e+09    8.984914e-02    2.596386e+21    9.609105e-04    4.804553e-03    1.240530e-03    6.202651e-03
2.199340e+09    8.977586e-02    2.550288e+21    9.523420e-04    4.761710e-03    1.229468e-03    6.147341e-03
2.231030e+09    8.970388e-02    2.505413e+21    9.439260e-04    4.719630e-03    1.218603e-03    6.093016e-03
2.262720e+09    8.963333e-02    2.461610e+21    9.356383e-04    4.678191e-03    1.207904e-03    6.039519e-03
2.294410e+09    8.956408e-02    2.418909e+21    9.274875e-04    4.637438e-03    1.197381e-03    5.986906e-03
2.326100e+09    8.949612e-02    2.377110e+21    9.194390e-04    4.597195e-03    1.186991e-03    5.934953e-03
2.357780e+09    8.942945e-02    2.336359e+21    9.115239e-04    4.557620e-03    1.176772e-03    5.883862e-03
2.389470e+09    8.936408e-02    2.296621e+21    9.037390e-04    4.518695e-03    1.166722e-03    5.833610e-03
2.421160e+09    8.929972e-02    2.257768e+21    8.960619e-04    4.480309e-03    1.156811e-03    5.784054e-03
2.452850e+09    8.923663e-02    2.219777e+21    8.884909e-04    4.442454e-03    1.147037e-03    5.735184e-03
2.484540e+09    8.917472e-02    2.182727e+21    8.810449e-04    4.405224e-03    1.137424e-03    5.687120e-03
2.516220e+09    8.911379e-02    2.146590e+21    8.737212e-04    4.368606e-03    1.127969e-03    5.639846e-03
2.547910e+09    8.905402e-02    2.111200e+21    8.664889e-04    4.332444e-03    1.118632e-03    5.593162e-03
2.579600e+09    8.899526e-02    2.076678e+21    8.593754e-04    4.296877e-03    1.109449e-03    5.547244e-03
2.611290e+09    8.893764e-02    2.042956e+21    8.523694e-04    4.261847e-03    1.100404e-03    5.502021e-03
2.642980e+09    8.888089e-02    2.009969e+21    8.454600e-04    4.227300e-03    1.091484e-03    5.457421e-03
2.674660e+09    8.882514e-02    1.977741e+21    8.386544e-04    4.193272e-03    1.082698e-03    5.413491e-03
2.706350e+09    8.877026e-02    1.946207e+21    8.319416e-04    4.159708e-03    1.074032e-03    5.370160e-03
2.738040e+09    8.871638e-02    1.915399e+21    8.253305e-04    4.126653e-03    1.065497e-03    5.327485e-03
2.769730e+09    8.866350e-02    1.885295e+21    8.188192e-04    4.094096e-03    1.057091e-03    5.285455e-03
2.801420e+09    8.861135e-02    1.855834e+21    8.123962e-04    4.061981e-03    1.048799e-03    5.243995e-03
2.833100e+09    8.856020e-02    1.827046e+21    8.060705e-04    4.030352e-03    1.040633e-03    5.203163e-03
2.864790e+09    8.850977e-02    1.798868e+21    7.998305e-04    3.999153e-03    1.032577e-03    5.162884e-03
2.896480e+09    8.846020e-02    1.771289e+21    7.936755e-04    3.968377e-03    1.024631e-03    5.123153e-03
2.928170e+09    8.841150e-02    1.744373e+21    7.876223e-04    3.938111e-03    1.016816e-03    5.084080e-03
2.959860e+09    8.836350e-02    1.719013e+21    7.818761e-04    3.909381e-03    1.009398e-03    5.046989e-03
2.991550e+09    8.831623e-02    1.694179e+21    7.762077e-04    3.881038e-03    1.002080e-03    5.010399e-03
3.023230e+09    8.826968e-02    1.669857e+21    7.706159e-04    3.853079e-03    9.948609e-04    4.974304e-03
3.054920e+09    8.822399e-02    1.645998e+21    7.650909e-04    3.825454e-03    9.877281e-04    4.938640e-03
3.086610e+09    8.817888e-02    1.622591e+21    7.596313e-04    3.798156e-03    9.806798e-04    4.903399e-03
3.118300e+09    8.813434e-02    1.599629e+21    7.542372e-04    3.771186e-03    9.737160e-04    4.868580e-03
3.149990e+09    8.809066e-02    1.577174e+21    7.489245e-04    3.744623e-03    9.668574e-04    4.834287e-03
3.181670e+09    8.804756e-02    1.555103e+21    7.436661e-04    3.718330e-03    9.600688e-04    4.800344e-03
3.213360e+09    8.800503e-02    1.533519e+21    7.384871e-04    3.692435e-03    9.533827e-04    4.766913e-03
3.245050e+09    8.796322e-02    1.512374e+21    7.333780e-04    3.666890e-03    9.467869e-04    4.733934e-03
3.276740e+09    8.792199e-02    1.491657e+21    7.283378e-04    3.641689e-03    9.402801e-04    4.701400e-03
3.308430e+09    8.788132e-02    1.471361e+21    7.233656e-04    3.616828e-03    9.338610e-04    4.669305e-03
3.340110e+09    8.784124e-02    1.451407e+21    7.184439e-04    3.592220e-03    9.275071e-04    4.637536e-03
3.371800e+09    8.780187e-02    1.431889e+21    7.135969e-04    3.567984e-03    9.212496e-04    4.606248e-03
3.403490e+09    8.776293e-02    1.412731e+21    7.088070e-04    3.544035e-03    9.150659e-04    4.575330e-03
3.435180e+09    8.772457e-02    1.393956e+21    7.040814e-04    3.520407e-03    9.089652e-04    4.544826e-03
3.466870e+09    8.768678e-02    1.375528e+21    6.994119e-04    3.497059e-03    9.029369e-04    4.514684e-03
3.498550e+09    8.764943e-02    1.357498e+21    6.948130e-04    3.474065e-03    8.969997e-04    4.484999e-03
3.530240e+09    8.761278e-02    1.339797e+21    6.902682e-04    3.451341e-03    8.911324e-04    4.455662e-03
3.561930e+09    8.757644e-02    1.322449e+21    6.857848e-04    3.428924e-03    8.853444e-04    4.426722e-03
3.593620e+09    8.754080e-02    1.305447e+21    6.813619e-04    3.406810e-03    8.796345e-04    4.398172e-03
3.625310e+09    8.750546e-02    1.288751e+21    6.769910e-04    3.384955e-03    8.739916e-04    4.369958e-03
3.656990e+09    8.747069e-02    1.272416e+21    6.726868e-04    3.363434e-03    8.684350e-04    4.342175e-03
3.688680e+09    8.743649e-02    1.256404e+21    6.684409e-04    3.342204e-03    8.629535e-04    4.314767e-03
3.720370e+09    8.740259e-02    1.240678e+21    6.642443e-04    3.321222e-03    8.575358e-04    4.287679e-03
3.752060e+09    8.736925e-02    1.225291e+21    6.601126e-04    3.300563e-03    8.522017e-04    4.261008e-03
3.783750e+09    8.733635e-02    1.210206e+21    6.560364e-04    3.280182e-03    8.469393e-04    4.234697e-03
3.815440e+09    8.730388e-02    1.195361e+21    6.520004e-04    3.260002e-03    8.417289e-04    4.208644e-03
3.847120e+09    8.727169e-02    1.180809e+21    6.480195e-04    3.240097e-03    8.365896e-04    4.182948e-03
3.878810e+09    8.724008e-02    1.166540e+21    6.440922e-04    3.220461e-03    8.315195e-04    4.157597e-03
3.910500e+09    8.720891e-02    1.152549e+21    6.402183e-04    3.201091e-03    8.265183e-04    4.132591e-03
3.942190e+09    8.717802e-02    1.138804e+21    6.363893e-04    3.181946e-03    8.215751e-04    4.107875e-03
3.973880e+09    8.714756e-02    1.125354e+21    6.326200e-04    3.163100e-03    8.167090e-04    4.083545e-03
4.005560e+09    8.711753e-02    1.112166e+21    6.289021e-04    3.144510e-03    8.119091e-04    4.059546e-03
4.037250e+09    8.708793e-02    1.099232e+21    6.252345e-04    3.126172e-03    8.071743e-04    4.035871e-03
4.068940e+09    8.705862e-02    1.086573e+21    6.216241e-04    3.108120e-03    8.025133e-04    4.012566e-03
4.100630e+09    8.702960e-02    1.074161e+21    6.180634e-04    3.090317e-03    7.979165e-04    3.989582e-03
4.132320e+09    8.700115e-02    1.061963e+21    6.145440e-04    3.072720e-03    7.933729e-04    3.966865e-03
4.164000e+09    8.697284e-02    1.050121e+21    6.111081e-04    3.055540e-03    7.889372e-04    3.944686e-03
4.195690e+09    8.694497e-02    1.038698e+21    6.077751e-04    3.038876e-03    7.846343e-04    3.923172e-03
4.227380e+09    8.691753e-02    1.027471e+21    6.044815e-04    3.022408e-03    7.803823e-04    3.901912e-03
4.259070e+09    8.689023e-02    1.016434e+21    6.012263e-04    3.006132e-03    7.761798e-04    3.880899e-03
4.290760e+09    8.686336e-02    1.005609e+21    5.980161e-04    2.990081e-03    7.720355e-04    3.860177e-03
4.322440e+09    8.683678e-02    9.949680e+20    5.948437e-04    2.974219e-03    7.679400e-04    3.839700e-03
4.354130e+09    8.681049e-02    9.845076e+20    5.917086e-04    2.958543e-03    7.638925e-04    3.819462e-03
4.385820e+09    8.678449e-02    9.742471e+20    5.886171e-04    2.943085e-03    7.599014e-04    3.799507e-03
4.417510e+09    8.675877e-02    9.642046e+20    5.855755e-04    2.927877e-03    7.559747e-04    3.779874e-03
4.449200e+09    8.673348e-02    9.543316e+20    5.825698e-04    2.912849e-03    7.520944e-04    3.760472e-03
4.480890e+09    8.670833e-02    9.446469e+20    5.796063e-04    2.898031e-03    7.482685e-04    3.741342e-03
4.512570e+09    8.668348e-02    9.351241e+20    5.766774e-04    2.883387e-03    7.444873e-04    3.722437e-03
4.544260e+09    8.665905e-02    9.257827e+20    5.737898e-04    2.868949e-03    7.407595e-04    3.703797e-03
4.575950e+09    8.663477e-02    9.166201e+20    5.709433e-04    2.854717e-03    7.370847e-04    3.685423e-03
4.607640e+09    8.661077e-02    9.076100e+20    5.681303e-04    2.840652e-03    7.334531e-04    3.667265e-03
4.639330e+09    8.658692e-02    8.987300e+20    5.653442e-04    2.826721e-03    7.298562e-04    3.649281e-03
4.671010e+09    8.656351e-02    8.900188e+20    5.625976e-04    2.812988e-03    7.263104e-04    3.631552e-03
4.702700e+09    8.654023e-02    8.814327e+20    5.598774e-04    2.799387e-03    7.227986e-04    3.613993e-03
4.734390e+09    8.651725e-02    8.730100e+20    5.571959e-04    2.785980e-03    7.193368e-04    3.596684e-03
4.766080e+09    8.649454e-02    8.647277e+20    5.545465e-04    2.772733e-03    7.159165e-04    3.579582e-03
4.797770e+09    8.647213e-02    8.565634e+20    5.519224e-04    2.759612e-03    7.125288e-04    3.562644e-03
4.829450e+09    8.644985e-02    8.485534e+20    5.493358e-04    2.746679e-03    7.091895e-04    3.545947e-03
4.861140e+09    8.642773e-02    8.406775e+20    5.467805e-04    2.733903e-03    7.058906e-04    3.529453e-03
4.892830e+09    8.640603e-02    8.329505e+20    5.442619e-04    2.721309e-03    7.026391e-04    3.513195e-03
4.924520e+09    8.638449e-02    8.253526e+20    5.417739e-04    2.708869e-03    6.994271e-04    3.497135e-03
4.956210e+09    8.636307e-02    8.178985e+20    5.393219e-04    2.696609e-03    6.962615e-04    3.481308e-03
4.987890e+09    8.634195e-02    8.105678e+20    5.368995e-04    2.684497e-03    6.931342e-04    3.465671e-03
5.019580e+09    8.632112e-02    8.033398e+20    5.345003e-04    2.672502e-03    6.900369e-04    3.450185e-03
5.051270e+09    8.630029e-02    7.962497e+20    5.321364e-04    2.660682e-03    6.869851e-04    3.434926e-03
5.082960e+09    8.627989e-02    7.892769e+20    5.298013e-04    2.649006e-03    6.839705e-04    3.419853e-03
5.114650e+09    8.625963e-02    7.824011e+20    5.274886e-04    2.637443e-03    6.809848e-04    3.404924e-03
5.146330e+09    8.623951e-02    7.756381e+20    5.252038e-04    2.626019e-03    6.780352e-04    3.390176e-03
5.178020e+09    8.621954e-02    7.689875e+20    5.229473e-04    2.614737e-03    6.751221e-04    3.375610e-03
5.209710e+09    8.619986e-02    7.624291e+20    5.207125e-04    2.603563e-03    6.722370e-04    3.361185e-03
5.241400e+09    8.618032e-02    7.559781e+20    5.185050e-04    2.592525e-03    6.693871e-04    3.346935e-03
5.273090e+09    8.616107e-02    7.496344e+20    5.163249e-04    2.581624e-03    6.665726e-04    3.332863e-03
5.304780e+09    8.614196e-02    7.433773e+20    5.141655e-04    2.570828e-03    6.637849e-04    3.318924e-03
5.336460e+09    8.612299e-02    7.372235e+20    5.120330e-04    2.560165e-03    6.610317e-04    3.305159e-03
5.368150e+09    8.610417e-02    7.311712e+20    5.099268e-04    2.549634e-03    6.583127e-04    3.291564e-03
5.399840e+09    8.608563e-02    7.252188e+20    5.078469e-04    2.539235e-03    6.556276e-04    3.278138e-03
5.431530e+09    8.606710e-02    7.193653e+20    5.057933e-04    2.528966e-03    6.529764e-04    3.264882e-03
5.463220e+09    8.604885e-02    7.135905e+20    5.037590e-04    2.518795e-03    6.503501e-04    3.251751e-03
5.494900e+09    8.603075e-02    7.079280e+20    5.017563e-04    2.508782e-03    6.477647e-04    3.238823e-03
5.526590e+09    8.601293e-02    7.023429e+20    4.997731e-04    2.498866e-03    6.452044e-04    3.226022e-03
5.558280e+09    8.599511e-02    6.968340e+20    4.978093e-04    2.489046e-03    6.426690e-04    3.213345e-03
5.589970e+09    8.597758e-02    6.914321e+20    4.958760e-04    2.479380e-03    6.401732e-04    3.200866e-03
5.621660e+09    8.596005e-02    6.861029e+20    4.939613e-04    2.469806e-03    6.377013e-04    3.188506e-03
5.653340e+09    8.594282e-02    6.808469e+20    4.920656e-04    2.460328e-03    6.352540e-04    3.176270e-03
5.685030e+09    8.592572e-02    6.756772e+20    4.901939e-04    2.450970e-03    6.328377e-04    3.164188e-03
5.716720e+09    8.590862e-02    6.705777e+20    4.883406e-04    2.441703e-03    6.304451e-04    3.152225e-03
5.748410e+09    8.589181e-02    6.655481e+20    4.865058e-04    2.432529e-03    6.280763e-04    3.140381e-03
5.780100e+09    8.587514e-02    6.605859e+20    4.846888e-04    2.423444e-03    6.257305e-04    3.128653e-03
5.811780e+09    8.585862e-02    6.556910e+20    4.828897e-04    2.414448e-03    6.234079e-04    3.117039e-03
5.843470e+09    8.584224e-02    6.508623e+20    4.811083e-04    2.405542e-03    6.211082e-04    3.105541e-03
5.875160e+09    8.582601e-02    6.461140e+20    4.793502e-04    2.396751e-03    6.188384e-04    3.094192e-03
5.906850e+09    8.580977e-02    6.414298e+20    4.776094e-04    2.388047e-03    6.165911e-04    3.082955e-03
5.938540e+09    8.579382e-02    6.368089e+20    4.758860e-04    2.379430e-03    6.143661e-04    3.071831e-03
5.970230e+09    8.577802e-02    6.322651e+20    4.741851e-04    2.370926e-03    6.121703e-04    3.060852e-03
6.001910e+09    8.576221e-02    6.277826e+20    4.725012e-04    2.362506e-03    6.099965e-04    3.049982e-03
6.033600e+09    8.574669e-02    6.233607e+20    4.708342e-04    2.354171e-03    6.078444e-04    3.039222e-03
6.065290e+09    8.573118e-02    6.189978e+20    4.691836e-04    2.345918e-03    6.057135e-04    3.028567e-03
6.096980e+09    8.571595e-02    6.147086e+20    4.675553e-04    2.337776e-03    6.036113e-04    3.018056e-03
6.128670e+09    8.570071e-02    6.104632e+20    4.659379e-04    2.329690e-03    6.015233e-04    3.007616e-03
6.160350e+09    8.568563e-02    6.062884e+20    4.643420e-04    2.321710e-03    5.994629e-04    2.997315e-03
6.192040e+09    8.567055e-02    6.021699e+20    4.627622e-04    2.313811e-03    5.974234e-04    2.987117e-03
6.223730e+09    8.565575e-02    5.985070e+20    4.613526e-04    2.306763e-03    5.956036e-04    2.978018e-03
6.255420e+09    8.564094e-02    5.955239e+20    4.602014e-04    2.301007e-03    5.941174e-04    2.970587e-03
6.287110e+09    8.562629e-02    5.925692e+20    4.590583e-04    2.295292e-03    5.926418e-04    2.963209e-03
6.318790e+09    8.561164e-02    5.896429e+20    4.579234e-04    2.289617e-03    5.911766e-04    2.955883e-03
6.350480e+09    8.559712e-02    5.867451e+20    4.567968e-04    2.283984e-03    5.897222e-04    2.948611e-03
6.382170e+09    8.558262e-02    5.838744e+20    4.556780e-04    2.278390e-03    5.882778e-04    2.941389e-03
6.413860e+09    8.556825e-02    5.810178e+20    4.545619e-04    2.272809e-03    5.868369e-04    2.934184e-03
6.445550e+09    8.555402e-02    5.782018e+20    4.534590e-04    2.267295e-03    5.854131e-04    2.927065e-03
6.477230e+09    8.553980e-02    5.753994e+20    4.523588e-04    2.261794e-03    5.839927e-04    2.919963e-03
6.508920e+09    8.552558e-02    5.726239e+20    4.512664e-04    2.256332e-03    5.825825e-04    2.912912e-03
6.540610e+09    8.551164e-02    5.698748e+20    4.501819e-04    2.250909e-03    5.811824e-04    2.905912e-03
6.572300e+09    8.549756e-02    5.671389e+20    4.491000e-04    2.245500e-03    5.797856e-04    2.898928e-03
6.603990e+09    8.548362e-02    5.644292e+20    4.480259e-04    2.240129e-03    5.783989e-04    2.891994e-03
6.635680e+09    8.546983e-02    5.617448e+20    4.469592e-04    2.234796e-03    5.770218e-04    2.885109e-03
6.667360e+09    8.545604e-02    5.590738e+20    4.458953e-04    2.229476e-03    5.756484e-04    2.878242e-03
6.699050e+09    8.544238e-02    5.564411e+20    4.448442e-04    2.224221e-03    5.742914e-04    2.871457e-03
6.730740e+09    8.542874e-02    5.538208e+20    4.437956e-04    2.218978e-03    5.729376e-04    2.864688e-03
6.762430e+09    8.541523e-02    5.512256e+20    4.427545e-04    2.213772e-03    5.715936e-04    2.857968e-03
6.794120e+09    8.540172e-02    5.486552e+20    4.417210e-04    2.208605e-03    5.702594e-04    2.851297e-03
6.825800e+09    8.538836e-02    5.461087e+20    4.406947e-04    2.203474e-03    5.689345e-04    2.844672e-03
6.857490e+09    8.537500e-02    5.435747e+20    4.396711e-04    2.198356e-03    5.676130e-04    2.838065e-03
6.889180e+09    8.536178e-02    5.410774e+20    4.386600e-04    2.193300e-03    5.663076e-04    2.831538e-03
6.920870e+09    8.534856e-02    5.385910e+20    4.376509e-04    2.188255e-03    5.650049e-04    2.825024e-03
6.952560e+09    8.533549e-02    5.361289e+20    4.366494e-04    2.183247e-03    5.637120e-04    2.818560e-03
6.984240e+09    8.532242e-02    5.336904e+20    4.356553e-04    2.178276e-03    5.624286e-04    2.812143e-03
7.015930e+09    8.530948e-02    5.312746e+20    4.346682e-04    2.173341e-03    5.611542e-04    2.805771e-03
7.047620e+09    8.529655e-02    5.288704e+20    4.336836e-04    2.168418e-03    5.598831e-04    2.799415e-03
7.079310e+09    8.528362e-02    5.265013e+20    4.327111e-04    2.163556e-03    5.586277e-04    2.793138e-03
7.111000e+09    8.527083e-02    5.241423e+20    4.317406e-04    2.158703e-03    5.573748e-04    2.786874e-03
7.142680e+09    8.525819e-02    5.218065e+20    4.307775e-04    2.153888e-03    5.561314e-04    2.780657e-03
7.174370e+09    8.524554e-02    5.194924e+20    4.298213e-04    2.149106e-03    5.548969e-04    2.774484e-03
7.206060e+09    8.523290e-02    5.172011e+20    4.288724e-04    2.144362e-03    5.536718e-04    2.768359e-03
7.237750e+09    8.522040e-02    5.149075e+20    4.279203e-04    2.139602e-03    5.524428e-04    2.762214e-03
7.269440e+09    8.520790e-02    5.126601e+20    4.269854e-04    2.134927e-03    5.512358e-04    2.756179e-03
7.301120e+09    8.519555e-02    5.104101e+20    4.260474e-04    2.130237e-03    5.500249e-04    2.750124e-03
7.332810e+09    8.518319e-02    5.081935e+20    4.251213e-04    2.125607e-03    5.488293e-04    2.744146e-03
7.364500e+09    8.517083e-02    5.059871e+20    4.241974e-04    2.120987e-03    5.476365e-04    2.738183e-03
7.396190e+09    8.515862e-02    5.037896e+20    4.232753e-04    2.116376e-03    5.464461e-04    2.732230e-03
7.427880e+09    8.514655e-02    5.016249e+20    4.223649e-04    2.111825e-03    5.452708e-04    2.726354e-03
7.459570e+09    8.513434e-02    4.994700e+20    4.214568e-04    2.107284e-03    5.440983e-04    2.720492e-03
7.491250e+09    8.512227e-02    4.973238e+20    4.205503e-04    2.102752e-03    5.429281e-04    2.714641e-03
7.522940e+09    8.511035e-02    4.952097e+20    4.196555e-04    2.098277e-03    5.417729e-04    2.708864e-03
7.554630e+09    8.509842e-02    4.931051e+20    4.187628e-04    2.093814e-03    5.406204e-04    2.703102e-03
7.586320e+09    8.508664e-02    4.910088e+20    4.178717e-04    2.089359e-03    5.394701e-04    2.697350e-03
7.618010e+09    8.507471e-02    4.889441e+20    4.169922e-04    2.084961e-03    5.383346e-04    2.691673e-03
7.649690e+09    8.506293e-02    4.868768e+20    4.161097e-04    2.080549e-03    5.371954e-04    2.685977e-03
7.681380e+09    8.505129e-02    4.848412e+20    4.152389e-04    2.076195e-03    5.360712e-04    2.680356e-03
7.713070e+09    8.503965e-02    4.828247e+20    4.143745e-04    2.071872e-03    5.349552e-04    2.674776e-03
7.744760e+09    8.502802e-02    4.808165e+20    4.135119e-04    2.067559e-03    5.338416e-04    2.669208e-03
7.776450e+09    8.501653e-02    4.788388e+20    4.126606e-04    2.063303e-03    5.327425e-04    2.663713e-03
7.808130e+09    8.500503e-02    4.768582e+20    4.118063e-04    2.059031e-03    5.316396e-04    2.658198e-03
7.839820e+09    8.499368e-02    4.748968e+20    4.109584e-04    2.054792e-03    5.305451e-04    2.652725e-03
7.871510e+09    8.498233e-02    4.729652e+20    4.101219e-04    2.050609e-03    5.294650e-04    2.647325e-03
7.903200e+09    8.497098e-02    4.710415e+20    4.092869e-04    2.046435e-03    5.283872e-04    2.641936e-03
7.934890e+09    8.495977e-02    4.691256e+20    4.084538e-04    2.042269e-03    5.273115e-04    2.636558e-03
7.966570e+09    8.494856e-02    4.672283e+20    4.076270e-04    2.038135e-03    5.262441e-04    2.631221e-03
7.998260e+09    8.493736e-02    4.653494e+20    4.068065e-04    2.034033e-03    5.251850e-04    2.625925e-03
8.029950e+09    8.492629e-02    4.634780e+20    4.059877e-04    2.029938e-03    5.241279e-04    2.620639e-03
8.061640e+09    8.491523e-02    4.616249e+20    4.051752e-04    2.025876e-03    5.230790e-04    2.615395e-03
8.093330e+09    8.490417e-02    4.597897e+20    4.043691e-04    2.021845e-03    5.220382e-04    2.610191e-03
8.125020e+09    8.489325e-02    4.579723e+20    4.035691e-04    2.017846e-03    5.210055e-04    2.605027e-03
8.156700e+09    8.488232e-02    4.561622e+20    4.027708e-04    2.013854e-03    5.199749e-04    2.599874e-03
8.188390e+09    8.487141e-02    4.543593e+20    4.019740e-04    2.009870e-03    5.189463e-04    2.594731e-03
8.220080e+09    8.486063e-02    4.525738e+20    4.011835e-04    2.005917e-03    5.179256e-04    2.589628e-03
8.251770e+09    8.484985e-02    4.507954e+20    4.003945e-04    2.001972e-03    5.169070e-04    2.584535e-03
8.283460e+09    8.483922e-02    4.490442e+20    3.996160e-04    1.998080e-03    5.159020e-04    2.579510e-03
8.315140e+09    8.482845e-02    4.473003e+20    3.988393e-04    1.994196e-03    5.148993e-04    2.574496e-03
8.346830e+09    8.481796e-02    4.455735e+20    3.980686e-04    1.990343e-03    5.139044e-04    2.569522e-03
8.378520e+09    8.480733e-02    4.438532e+20    3.972995e-04    1.986497e-03    5.129114e-04    2.564557e-03
8.410210e+09    8.479684e-02    4.421397e+20    3.965318e-04    1.982659e-03    5.119204e-04    2.559602e-03
8.441900e+09    8.478635e-02    4.404526e+20    3.957746e-04    1.978873e-03    5.109428e-04    2.554714e-03
8.473580e+09    8.477586e-02    4.387724e+20    3.950190e-04    1.975095e-03    5.099673e-04    2.549836e-03
8.505270e+09    8.476551e-02    4.370986e+20    3.942648e-04    1.971324e-03    5.089937e-04    2.544968e-03
8.536960e+09    8.475517e-02    4.354408e+20    3.935164e-04    1.967582e-03    5.080275e-04    2.540138e-03
8.568650e+09    8.474498e-02    4.337997e+20    3.927742e-04    1.963871e-03    5.070693e-04    2.535346e-03
8.600340e+09    8.473462e-02    4.321648e+20    3.920333e-04    1.960167e-03    5.061129e-04    2.530564e-03
8.632020e+09    8.472443e-02    4.305455e+20    3.912982e-04    1.956491e-03    5.051638e-04    2.525819e-03
8.663710e+09    8.471423e-02    4.289328e+20    3.905647e-04    1.952823e-03    5.042168e-04    2.521084e-03
8.695400e+09    8.470417e-02    4.273458e+20    3.898415e-04    1.949207e-03    5.032832e-04    2.516416e-03
8.727090e+09    8.469411e-02    4.257642e+20    3.891194e-04    1.945597e-03    5.023510e-04    2.511755e-03
8.758780e+09    8.468405e-02    4.241890e+20    3.883989e-04    1.941995e-03    5.014208e-04    2.507104e-03
8.790470e+09    8.467414e-02    4.226288e+20    3.876840e-04    1.938420e-03    5.004979e-04    2.502489e-03
8.822150e+09    8.466408e-02    4.210749e+20    3.869706e-04    1.934853e-03    4.995769e-04    2.497884e-03
8.853840e+09    8.465417e-02    4.195358e+20    3.862628e-04    1.931314e-03    4.986631e-04    2.493315e-03
8.885530e+09    8.464440e-02    4.180029e+20    3.855564e-04    1.927782e-03    4.977512e-04    2.488756e-03
8.917220e+09    8.463448e-02    4.164943e+20    3.848601e-04    1.924300e-03    4.968522e-04    2.484261e-03
8.948910e+09    8.462471e-02    4.149820e+20    3.841607e-04    1.920804e-03    4.959494e-04    2.479747e-03
8.980590e+09    8.461508e-02    4.134939e+20    3.834713e-04    1.917356e-03    4.950593e-04    2.475296e-03
9.012280e+09    8.460532e-02    4.120115e+20    3.827833e-04    1.913917e-03    4.941711e-04    2.470856e-03
9.043970e+09    8.459569e-02    4.105340e+20    3.820963e-04    1.910482e-03    4.932842e-04    2.466421e-03
9.075660e+09    8.458606e-02    4.090622e+20    3.814108e-04    1.907054e-03    4.923993e-04    2.461996e-03
9.107350e+09    8.457643e-02    4.076048e+20    3.807307e-04    1.903654e-03    4.915213e-04    2.457606e-03
9.139030e+09    8.456695e-02    4.061622e+20    3.800564e-04    1.900282e-03    4.906507e-04    2.453254e-03
9.170720e+09    8.455733e-02    4.047243e+20    3.793831e-04    1.896916e-03    4.897815e-04    2.448907e-03
9.202410e+09    8.454799e-02    4.033009e+20    3.787153e-04    1.893577e-03    4.889194e-04    2.444597e-03
9.234100e+09    8.453850e-02    4.018921e+20    3.780533e-04    1.890266e-03    4.880647e-04    2.440324e-03
9.265790e+09    8.452917e-02    4.004878e+20    3.773922e-04    1.886961e-03    4.872113e-04    2.436056e-03
9.297470e+09    8.451969e-02    3.990885e+20    3.767323e-04    1.883662e-03    4.863594e-04    2.431797e-03
9.329160e+09    8.451049e-02    3.977036e+20    3.760781e-04    1.880391e-03    4.855148e-04    2.427574e-03
9.360850e+09    8.450115e-02    3.963231e+20    3.754248e-04    1.877124e-03    4.846714e-04    2.423357e-03
9.392540e+09    8.449195e-02    3.949565e+20    3.747770e-04    1.873885e-03    4.838350e-04    2.419175e-03
9.424230e+09    8.448276e-02    3.935945e+20    3.741303e-04    1.870651e-03    4.830001e-04    2.415001e-03
9.455910e+09    8.447356e-02    3.922559e+20    3.734935e-04    1.867467e-03    4.821780e-04    2.410890e-03
9.487600e+09    8.446437e-02    3.909123e+20    3.728533e-04    1.864266e-03    4.813515e-04    2.406758e-03
9.519290e+09    8.445532e-02    3.895823e+20    3.722185e-04    1.861092e-03    4.805320e-04    2.402660e-03
9.550980e+09    8.444626e-02    3.882568e+20    3.715847e-04    1.857924e-03    4.797139e-04    2.398569e-03
9.582670e+09    8.443722e-02    3.869448e+20    3.709564e-04    1.854782e-03    4.789026e-04    2.394513e-03
9.614360e+09    8.442816e-02    3.856377e+20    3.703293e-04    1.851646e-03    4.780930e-04    2.390465e-03
9.646040e+09    8.441925e-02    3.843433e+20    3.697073e-04    1.848536e-03    4.772900e-04    2.386450e-03
9.677730e+09    8.441034e-02    3.830533e+20    3.690863e-04    1.845432e-03    4.764884e-04    2.382442e-03
9.709420e+09    8.440143e-02    3.817765e+20    3.684707e-04    1.842353e-03    4.756936e-04    2.378468e-03
9.741110e+09    8.439253e-02    3.804952e+20    3.678518e-04    1.839259e-03    4.748946e-04    2.374473e-03
9.772800e+09    8.438376e-02    3.792356e+20    3.672424e-04    1.836212e-03    4.741079e-04    2.370540e-03
9.804480e+09    8.437500e-02    3.779802e+20    3.666341e-04    1.833170e-03    4.733226e-04    2.366613e-03
9.836170e+09    8.436623e-02    3.767380e+20    3.660312e-04    1.830156e-03    4.725442e-04    2.362721e-03
9.867860e+09    8.435747e-02    3.754996e+20    3.654290e-04    1.827145e-03    4.717669e-04    2.358834e-03
9.899550e+09    8.434885e-02    3.742652e+20    3.648279e-04    1.824139e-03    4.709908e-04    2.354954e-03
9.931240e+09    8.434023e-02    3.730435e+20    3.642319e-04    1.821160e-03    4.702214e-04    2.351107e-03
9.962920e+09    8.433161e-02    3.718343e+20    3.636411e-04    1.818206e-03    4.694587e-04    2.347294e-03
9.994610e+09    8.432299e-02    3.706290e+20    3.630513e-04    1.815257e-03    4.686972e-04    2.343486e-03
1.002630e+10    8.431437e-02    3.694276e+20    3.624625e-04    1.812312e-03    4.679370e-04    2.339685e-03
1.005800e+10    8.430589e-02    3.682387e+20    3.618787e-04    1.809393e-03    4.671834e-04    2.335917e-03
1.008970e+10    8.429742e-02    3.670535e+20    3.612959e-04    1.806479e-03    4.664310e-04    2.332155e-03
1.012140e+10    8.428893e-02    3.658806e+20    3.607182e-04    1.803591e-03    4.656852e-04    2.328426e-03
1.015310e+10    8.428046e-02    3.647199e+20    3.601455e-04    1.800728e-03    4.649459e-04    2.324729e-03
1.018470e+10    8.427213e-02    3.635545e+20    3.595697e-04    1.797848e-03    4.642024e-04    2.321012e-03
1.021640e+10    8.426379e-02    3.624011e+20    3.589989e-04    1.794994e-03    4.634655e-04    2.317328e-03
1.024810e+10    8.425546e-02    3.612593e+20    3.584329e-04    1.792164e-03    4.627349e-04    2.313674e-03
1.027980e+10    8.424713e-02    3.601216e+20    3.578680e-04    1.789340e-03    4.620056e-04    2.310028e-03
1.031150e+10    8.423879e-02    3.589874e+20    3.573040e-04    1.786520e-03    4.612775e-04    2.306388e-03
1.034320e+10    8.423061e-02    3.578650e+20    3.567450e-04    1.783725e-03    4.605559e-04    2.302779e-03
1.037490e+10    8.422241e-02    3.567461e+20    3.561869e-04    1.780935e-03    4.598353e-04    2.299177e-03
1.040660e+10    8.421422e-02    3.556390e+20    3.556338e-04    1.778169e-03    4.591212e-04    2.295606e-03
1.043820e+10    8.420604e-02    3.545352e+20    3.550815e-04    1.775407e-03    4.584082e-04    2.292041e-03
1.046990e+10    8.419785e-02    3.534427e+20    3.545340e-04    1.772670e-03    4.577014e-04    2.288507e-03
1.050160e+10    8.418980e-02    3.523539e+20    3.539875e-04    1.769937e-03    4.569958e-04    2.284979e-03
1.053330e+10    8.418175e-02    3.512685e+20    3.534418e-04    1.767209e-03    4.562914e-04    2.281457e-03
1.056500e+10    8.417371e-02    3.501945e+20    3.529011e-04    1.764505e-03    4.555933e-04    2.277967e-03
1.059670e+10    8.416566e-02    3.491157e+20    3.523571e-04    1.761786e-03    4.548911e-04    2.274455e-03
1.062840e+10    8.415762e-02    3.480559e+20    3.518219e-04    1.759109e-03    4.542001e-04    2.271000e-03
1.066010e+10    8.414972e-02    3.469998e+20    3.512877e-04    1.756438e-03    4.535104e-04    2.267552e-03
1.069180e+10    8.414181e-02    3.459468e+20    3.507543e-04    1.753771e-03    4.528218e-04    2.264109e-03
1.072340e+10    8.413391e-02    3.449049e+20    3.502257e-04    1.751128e-03    4.521394e-04    2.260697e-03
1.075510e+10    8.412601e-02    3.438579e+20    3.496937e-04    1.748469e-03    4.514527e-04    2.257263e-03
1.078680e+10    8.411811e-02    3.428303e+20    3.491708e-04    1.745854e-03    4.507775e-04    2.253888e-03
1.081850e+10    8.411035e-02    3.417978e+20    3.486446e-04    1.743223e-03    4.500983e-04    2.250491e-03
1.085020e+10    8.410244e-02    3.407764e+20    3.481233e-04    1.740616e-03    4.494252e-04    2.247126e-03
1.088190e+10    8.409468e-02    3.397654e+20    3.476065e-04    1.738032e-03    4.487581e-04    2.243790e-03
1.091360e+10    8.408692e-02    3.387500e+20    3.470867e-04    1.735433e-03    4.480870e-04    2.240435e-03
1.094530e+10    8.407931e-02    3.377454e+20    3.465716e-04    1.732858e-03    4.474221e-04    2.237110e-03
1.097690e+10    8.407156e-02    3.367434e+20    3.460572e-04    1.730286e-03    4.467579e-04    2.233790e-03
1.100860e+10    8.406393e-02    3.357525e+20    3.455476e-04    1.727738e-03    4.461001e-04    2.230501e-03
1.104030e+10    8.405618e-02    3.347645e+20    3.450389e-04    1.725194e-03    4.454433e-04    2.227216e-03
1.107200e+10    8.404857e-02    3.337868e+20    3.445346e-04    1.722673e-03    4.447923e-04    2.223962e-03
1.110370e+10    8.404109e-02    3.328046e+20    3.440274e-04    1.720137e-03    4.441374e-04    2.220687e-03
1.113540e+10    8.403348e-02    3.318402e+20    3.435285e-04    1.717643e-03    4.434935e-04    2.217467e-03
1.116710e+10    8.402587e-02    3.308790e+20    3.430306e-04    1.715153e-03    4.428507e-04    2.214253e-03
1.119880e+10    8.401839e-02    3.299206e+20    3.425335e-04    1.712667e-03    4.422088e-04    2.211044e-03
1.123040e+10    8.401092e-02    3.289646e+20    3.420368e-04    1.710184e-03    4.415677e-04    2.207838e-03
1.126210e+10    8.400345e-02    3.280193e+20    3.415450e-04    1.707725e-03    4.409328e-04    2.204664e-03
1.129380e+10    8.399598e-02    3.270763e+20    3.410538e-04    1.705269e-03    4.402985e-04    2.201493e-03
1.132550e+10    8.398865e-02    3.261364e+20    3.405634e-04    1.702817e-03    4.396655e-04    2.198327e-03
1.135720e+10    8.398118e-02    3.252064e+20    3.400775e-04    1.700387e-03    4.390381e-04    2.195190e-03
1.138890e+10    8.397385e-02    3.242868e+20    3.395963e-04    1.697982e-03    4.384170e-04    2.192085e-03
1.142060e+10    8.396652e-02    3.233695e+20    3.391157e-04    1.695578e-03    4.377964e-04    2.188982e-03
1.145230e+10    8.395919e-02    3.224551e+20    3.386359e-04    1.693179e-03    4.371770e-04    2.185885e-03
1.148400e+10    8.395187e-02    3.215430e+20    3.381566e-04    1.690783e-03    4.365583e-04    2.182791e-03
1.151560e+10    8.394454e-02    3.206338e+20    3.376781e-04    1.688391e-03    4.359406e-04    2.179703e-03
1.154730e+10    8.393735e-02    3.197415e+20    3.372080e-04    1.686040e-03    4.353336e-04    2.176668e-03
1.157900e+10    8.393017e-02    3.188448e+20    3.367348e-04    1.683674e-03    4.347227e-04    2.173614e-03
1.161070e+10    8.392285e-02    3.179575e+20    3.362659e-04    1.681330e-03    4.341175e-04    2.170587e-03
1.164240e+10    8.391581e-02    3.170731e+20    3.357979e-04    1.678990e-03    4.335133e-04    2.167566e-03
1.167410e+10    8.390862e-02    3.161907e+20    3.353304e-04    1.676652e-03    4.329096e-04    2.164548e-03
1.170580e+10    8.390144e-02    3.153185e+20    3.348675e-04    1.674338e-03    4.323121e-04    2.161561e-03
1.173750e+10    8.389440e-02    3.144483e+20    3.344051e-04    1.672026e-03    4.317152e-04    2.158576e-03
1.176910e+10    8.388721e-02    3.135877e+20    3.339472e-04    1.669736e-03    4.311240e-04    2.155620e-03
1.180080e+10    8.388017e-02    3.127226e+20    3.334863e-04    1.667431e-03    4.305290e-04    2.152645e-03
1.183250e+10    8.387313e-02    3.118668e+20    3.330296e-04    1.665148e-03    4.299394e-04    2.149697e-03
1.186420e+10    8.386609e-02    3.110208e+20    3.325776e-04    1.662888e-03    4.293559e-04    2.146779e-03
1.189590e+10    8.385905e-02    3.101768e+20    3.321261e-04    1.660630e-03    4.287729e-04    2.143864e-03
1.192760e+10    8.385215e-02    3.094777e+20    3.317516e-04    1.658758e-03    4.282895e-04    2.141447e-03
1.195930e+10    8.384511e-02    3.087802e+20    3.313775e-04    1.656888e-03    4.278066e-04    2.139033e-03
1.199100e+10    8.383822e-02    3.080840e+20    3.310037e-04    1.655019e-03    4.273240e-04    2.136620e-03
1.202270e+10    8.383118e-02    3.073896e+20    3.306305e-04    1.653152e-03    4.268421e-04    2.134211e-03
1.205430e+10    8.382428e-02    3.066968e+20    3.302577e-04    1.651289e-03    4.263609e-04    2.131804e-03
1.208600e+10    8.381739e-02    3.060056e+20    3.298853e-04    1.649427e-03    4.258801e-04    2.129401e-03
1.211770e+10    8.381049e-02    3.053160e+20    3.295134e-04    1.647567e-03    4.254000e-04    2.127000e-03
1.214940e+10    8.380359e-02    3.046345e+20    3.291455e-04    1.645727e-03    4.249250e-04    2.124625e-03
1.218110e+10    8.379684e-02    3.039480e+20    3.287744e-04    1.643872e-03    4.244459e-04    2.122229e-03
1.221280e+10    8.378994e-02    3.032699e+20    3.284074e-04    1.642037e-03    4.239722e-04    2.119861e-03
1.224450e+10    8.378305e-02    3.025934e+20    3.280409e-04    1.640205e-03    4.234990e-04    2.117495e-03
1.227620e+10    8.377629e-02    3.019111e+20    3.276709e-04    1.638354e-03    4.230213e-04    2.115107e-03
1.230780e+10    8.376954e-02    3.012376e+20    3.273052e-04    1.636526e-03    4.225492e-04    2.112746e-03
1.233950e+10    8.376264e-02    3.005656e+20    3.269399e-04    1.634700e-03    4.220776e-04    2.110388e-03
1.237120e+10    8.375589e-02    2.998951e+20    3.265751e-04    1.632875e-03    4.216066e-04    2.108033e-03
1.240290e+10    8.374914e-02    2.992258e+20    3.262104e-04    1.631052e-03    4.211359e-04    2.105679e-03
1.243460e+10    8.374238e-02    2.985652e+20    3.258501e-04    1.629251e-03    4.206707e-04    2.103354e-03
1.246630e+10    8.373563e-02    2.978992e+20    3.254865e-04    1.627432e-03    4.202013e-04    2.101006e-03
1.249800e+10    8.372902e-02    2.972346e+20    3.251233e-04    1.625616e-03    4.197323e-04    2.098662e-03
1.252970e+10    8.372227e-02    2.965781e+20    3.247640e-04    1.623820e-03    4.192685e-04    2.096342e-03
1.256130e+10    8.371566e-02    2.959165e+20    3.244015e-04    1.622008e-03    4.188006e-04    2.094003e-03
1.259300e+10    8.370891e-02    2.952632e+20    3.240432e-04    1.620216e-03    4.183380e-04    2.091690e-03
1.262470e+10    8.370230e-02    2.946113e+20    3.236853e-04    1.618427e-03    4.178760e-04    2.089380e-03
1.265640e+10    8.369569e-02    2.939606e+20    3.233276e-04    1.616638e-03    4.174142e-04    2.087071e-03
1.268810e+10    8.368908e-02    2.933116e+20    3.229705e-04    1.614853e-03    4.169532e-04    2.084766e-03
1.271980e+10    8.368247e-02    2.926640e+20    3.226138e-04    1.613069e-03    4.164927e-04    2.082463e-03
1.275150e+10    8.367587e-02    2.920246e+20    3.222612e-04    1.611306e-03    4.160375e-04    2.080187e-03
1.278320e+10    8.366925e-02    2.913796e+20    3.219051e-04    1.609526e-03    4.155777e-04    2.077889e-03
1.281490e+10    8.366279e-02    2.907363e+20    3.215496e-04    1.607748e-03    4.151187e-04    2.075594e-03
1.284650e+10    8.365618e-02    2.901011e+20    3.211981e-04    1.605991e-03    4.146650e-04    2.073325e-03
1.287820e+10    8.364971e-02    2.894670e+20    3.208469e-04    1.604234e-03    4.142116e-04    2.071058e-03
1.290990e+10    8.364310e-02    2.888346e+20    3.204962e-04    1.602481e-03    4.137588e-04    2.068794e-03
1.294160e+10    8.363663e-02    2.882036e+20    3.201459e-04    1.600730e-03    4.133066e-04    2.066533e-03
1.297330e+10    8.363018e-02    2.875739e+20    3.197960e-04    1.598980e-03    4.128549e-04    2.064274e-03
1.300500e+10    8.362371e-02    2.869453e+20    3.194463e-04    1.597232e-03    4.124034e-04    2.062017e-03
1.303670e+10    8.361724e-02    2.863184e+20    3.190972e-04    1.595486e-03    4.119527e-04    2.059763e-03
1.306840e+10    8.361078e-02    2.856929e+20    3.187484e-04    1.593742e-03    4.115024e-04    2.057512e-03
1.310000e+10    8.360445e-02    2.850750e+20    3.184035e-04    1.592018e-03    4.110572e-04    2.055286e-03
1.313170e+10    8.359799e-02    2.844587e+20    3.180592e-04    1.590296e-03    4.106126e-04    2.053063e-03
1.316340e+10    8.359166e-02    2.838438e+20    3.177152e-04    1.588576e-03    4.101686e-04    2.050843e-03
1.319510e+10    8.358520e-02    2.832299e+20    3.173714e-04    1.586857e-03    4.097248e-04    2.048624e-03
1.322680e+10    8.357888e-02    2.826176e+20    3.170282e-04    1.585141e-03    4.092817e-04    2.046408e-03
1.325850e+10    8.357256e-02    2.820067e+20    3.166854e-04    1.583427e-03    4.088391e-04    2.044195e-03
1.329020e+10    8.356623e-02    2.813968e+20    3.163427e-04    1.581714e-03    4.083967e-04    2.041983e-03
1.332190e+10    8.355977e-02    2.807884e+20    3.160006e-04    1.580003e-03    4.079550e-04    2.039775e-03
1.335350e+10    8.355359e-02    2.801814e+20    3.156589e-04    1.578294e-03    4.075138e-04    2.037569e-03
1.338520e+10    8.354727e-02    2.795819e+20    3.153210e-04    1.576605e-03    4.070776e-04    2.035388e-03
1.341690e+10    8.354095e-02    2.789840e+20    3.149836e-04    1.574918e-03    4.066421e-04    2.033210e-03
1.344860e+10    8.353477e-02    2.783873e+20    3.146466e-04    1.573233e-03    4.062070e-04    2.031035e-03
1.348030e+10    8.352845e-02    2.777852e+20    3.143061e-04    1.571531e-03    4.057675e-04    2.028837e-03
1.351200e+10    8.352227e-02    2.771911e+20    3.139698e-04    1.569849e-03    4.053333e-04    2.026667e-03
1.354370e+10    8.351595e-02    2.766046e+20    3.136375e-04    1.568188e-03    4.049043e-04    2.024522e-03
1.357540e+10    8.350977e-02    2.760127e+20    3.133018e-04    1.566509e-03    4.044709e-04    2.022354e-03
1.360710e+10    8.350359e-02    2.754224e+20    3.129666e-04    1.564833e-03    4.040381e-04    2.020191e-03
1.363870e+10    8.349742e-02    2.748397e+20    3.126353e-04    1.563177e-03    4.036105e-04    2.018052e-03
1.367040e+10    8.349124e-02    2.742516e+20    3.123007e-04    1.561503e-03    4.031784e-04    2.015892e-03
1.370210e+10    8.348506e-02    2.736714e+20    3.119701e-04    1.559850e-03    4.027517e-04    2.013758e-03
1.373380e+10    8.347902e-02    2.730920e+20    3.116397e-04    1.558199e-03    4.023252e-04    2.011626e-03
1.376550e+10    8.347285e-02    2.725142e+20    3.113099e-04    1.556549e-03    4.018993e-04    2.009497e-03
1.379720e+10    8.346667e-02    2.719377e+20    3.109804e-04    1.554902e-03    4.014740e-04    2.007370e-03
1.382890e+10    8.346063e-02    2.713620e+20    3.106511e-04    1.553255e-03    4.010488e-04    2.005244e-03
1.386060e+10    8.345460e-02    2.707879e+20    3.103223e-04    1.551611e-03    4.006243e-04    2.003122e-03
1.389220e+10    8.344842e-02    2.702212e+20    3.099974e-04    1.549987e-03    4.002049e-04    2.001025e-03
1.392390e+10    8.344238e-02    2.696554e+20    3.096727e-04    1.548363e-03    3.997857e-04    1.998929e-03
1.395560e+10    8.343635e-02    2.690911e+20    3.093485e-04    1.546742e-03    3.993672e-04    1.996836e-03
1.398730e+10    8.343032e-02    2.685215e+20    3.090209e-04    1.545105e-03    3.989443e-04    1.994721e-03
1.401900e+10    8.342428e-02    2.679596e+20    3.086974e-04    1.543487e-03    3.985266e-04    1.992633e-03
1.405070e+10    8.341839e-02    2.674050e+20    3.083778e-04    1.541889e-03    3.981140e-04    1.990570e-03
1.408240e+10    8.341235e-02    2.668451e+20    3.080548e-04    1.540274e-03    3.976970e-04    1.988485e-03
1.411410e+10    8.340632e-02    2.662867e+20    3.077323e-04    1.538661e-03    3.972806e-04    1.986403e-03
1.414580e+10    8.340043e-02    2.657352e+20    3.074135e-04    1.537067e-03    3.968691e-04    1.984345e-03
1.417740e+10    8.339440e-02    2.651791e+20    3.070916e-04    1.535458e-03    3.964536e-04    1.982268e-03
1.420910e+10    8.338851e-02    2.646300e+20    3.067735e-04    1.533867e-03    3.960429e-04    1.980214e-03
1.424080e+10    8.338261e-02    2.640823e+20    3.064559e-04    1.532279e-03    3.956328e-04    1.978164e-03
1.427250e+10    8.337672e-02    2.635357e+20    3.061386e-04    1.530693e-03    3.952232e-04    1.976116e-03
1.430420e+10    8.337084e-02    2.629900e+20    3.058214e-04    1.529107e-03    3.948138e-04    1.974069e-03
1.433590e+10    8.336494e-02    2.624457e+20    3.055048e-04    1.527524e-03    3.944050e-04    1.972025e-03
1.436760e+10    8.335905e-02    2.619083e+20    3.051918e-04    1.525959e-03    3.940010e-04    1.970005e-03
1.439930e+10    8.335316e-02    2.613662e+20    3.048758e-04    1.524379e-03    3.935930e-04    1.967965e-03
1.443090e+10    8.334741e-02    2.608310e+20    3.045635e-04    1.522818e-03    3.931898e-04    1.965949e-03
1.446260e+10    8.334152e-02    2.602911e+20    3.042482e-04    1.521241e-03    3.927827e-04    1.963914e-03
1.449430e+10    8.333578e-02    2.597581e+20    3.039365e-04    1.519683e-03    3.923803e-04    1.961902e-03
1.452600e+10    8.332988e-02    2.592264e+20    3.036253e-04    1.518127e-03    3.919786e-04    1.959893e-03
1.455770e+10    8.332414e-02    2.586956e+20    3.033143e-04    1.516571e-03    3.915770e-04    1.957885e-03
1.458940e+10    8.331839e-02    2.581721e+20    3.030072e-04    1.515036e-03    3.911806e-04    1.955903e-03
1.462110e+10    8.331264e-02    2.576437e+20    3.026970e-04    1.513485e-03    3.907801e-04    1.953900e-03
1.465280e+10    8.330690e-02    2.571220e+20    3.023904e-04    1.511952e-03    3.903843e-04    1.951921e-03
1.468440e+10    8.330115e-02    2.565958e+20    3.020808e-04    1.510404e-03    3.899846e-04    1.949923e-03
1.471610e+10    8.329540e-02    2.560762e+20    3.017748e-04    1.508874e-03    3.895896e-04    1.947948e-03
1.474780e+10    8.328966e-02    2.555521e+20    3.014658e-04    1.507329e-03    3.891907e-04    1.945953e-03
1.477950e+10    8.328391e-02    2.550347e+20    3.011605e-04    1.505802e-03    3.887965e-04    1.943982e-03
1.481120e+10    8.327831e-02    2.545186e+20    3.008556e-04    1.504278e-03    3.884029e-04    1.942014e-03
1.484290e+10    8.327255e-02    2.540032e+20    3.005508e-04    1.502754e-03    3.880095e-04    1.940047e-03
1.487460e+10    8.326696e-02    2.534950e+20    3.002500e-04    1.501250e-03    3.876211e-04    1.938106e-03
1.490630e+10    8.326121e-02    2.529818e+20    2.999459e-04    1.499729e-03    3.872285e-04    1.936142e-03
1.493800e+10    8.325561e-02    2.524756e+20    2.996457e-04    1.498229e-03    3.868410e-04    1.934205e-03
1.496960e+10    8.325000e-02    2.519644e+20    2.993422e-04    1.496711e-03    3.864491e-04    1.932245e-03
1.500130e+10    8.324439e-02    2.514603e+20    2.990426e-04    1.495213e-03    3.860623e-04    1.930312e-03
