1.584400e+03    1.246341e+00    1.242766e+25    6.648030e-02    3.324015e-01    8.582569e-02    4.291285e-01
3.168810e+03    1.211680e+00    1.166485e+25    6.440773e-02    3.220386e-01    8.315002e-02    4.157501e-01
4.753210e+03    1.180784e+00    1.100802e+25    6.256810e-02    3.128405e-01    8.077506e-02    4.038753e-01
6.337620e+03    1.153013e+00    1.043564e+25    6.091972e-02    3.045986e-01    7.864702e-02    3.932351e-01
7.922020e+03    1.127866e+00    9.931601e+24    5.943030e-02    2.971515e-01    7.672419e-02    3.836210e-01
9.506430e+03    1.104953e+00    9.484387e+24    5.807684e-02    2.903842e-01    7.497687e-02    3.748843e-01
1.109080e+04    1.083958e+00    9.084462e+24    5.683920e-02    2.841960e-01    7.337909e-02    3.668954e-01
1.267520e+04    1.064621e+00    8.724674e+24    5.570227e-02    2.785114e-01    7.191133e-02    3.595566e-01
1.425960e+04    1.046728e+00    8.399034e+24    5.465287e-02    2.732643e-01    7.055655e-02    3.527828e-01
1.584400e+04    1.030101e+00    8.102319e+24    5.367882e-02    2.683941e-01    6.929906e-02    3.464953e-01
1.742840e+04    1.014496e+00    7.853428e+24    5.284793e-02    2.642396e-01    6.822638e-02    3.411319e-01
1.901290e+04    9.996695e-01    7.670070e+24    5.222735e-02    2.611367e-01    6.742521e-02    3.371261e-01
2.059730e+04    9.856451e-01    7.498585e+24    5.164021e-02    2.582010e-01    6.666722e-02    3.333361e-01
2.218170e+04    9.723506e-01    7.337351e+24    5.108201e-02    2.554100e-01    6.594659e-02    3.297329e-01
2.376610e+04    9.597227e-01    7.185538e+24    5.055079e-02    2.527540e-01    6.526079e-02    3.263040e-01
2.535050e+04    9.477055e-01    7.042539e+24    5.004526e-02    2.502263e-01    6.460815e-02    3.230408e-01
2.693490e+04    9.362471e-01    6.907156e+24    4.956190e-02    2.478095e-01    6.398414e-02    3.199207e-01
2.851930e+04    9.253046e-01    6.778901e+24    4.909960e-02    2.454980e-01    6.338731e-02    3.169366e-01
3.010370e+04    9.148377e-01    6.657012e+24    4.865618e-02    2.432809e-01    6.281485e-02    3.140743e-01
3.168810e+04    9.048061e-01    6.542434e+24    4.823563e-02    2.411782e-01    6.227194e-02    3.113597e-01
3.327250e+04    8.951739e-01    6.434863e+24    4.783745e-02    2.391872e-01    6.175788e-02    3.087894e-01
3.485690e+04    8.859181e-01    6.332413e+24    4.745511e-02    2.372755e-01    6.126428e-02    3.063214e-01
3.644130e+04    8.770100e-01    6.234754e+24    4.708775e-02    2.354388e-01    6.079003e-02    3.039501e-01
3.802570e+04    8.684253e-01    6.141286e+24    4.673346e-02    2.336673e-01    6.033264e-02    3.016632e-01
3.961010e+04    8.601451e-01    6.051865e+24    4.639198e-02    2.319599e-01    5.989179e-02    2.994590e-01
4.122470e+04    8.520000e-01    5.964572e+24    4.605618e-02    2.302809e-01    5.945828e-02    2.972914e-01
4.287870e+04    8.439454e-01    5.878944e+24    4.572440e-02    2.286220e-01    5.902994e-02    2.951497e-01
4.457270e+04    8.359785e-01    5.794811e+24    4.539604e-02    2.269802e-01    5.860604e-02    2.930302e-01
4.630770e+04    8.280992e-01    5.712277e+24    4.507160e-02    2.253580e-01    5.818718e-02    2.909359e-01
4.808460e+04    8.203046e-01    5.631179e+24    4.475051e-02    2.237525e-01    5.777266e-02    2.888633e-01
4.990410e+04    8.125948e-01    5.551486e+24    4.443272e-02    2.221636e-01    5.736240e-02    2.868120e-01
5.176730e+04    8.049655e-01    5.473300e+24    4.411872e-02    2.205936e-01    5.695703e-02    2.847851e-01
5.367500e+04    7.974195e-01    5.396463e+24    4.380795e-02    2.190398e-01    5.655582e-02    2.827791e-01
5.562820e+04    7.899526e-01    5.320829e+24    4.349987e-02    2.174993e-01    5.615809e-02    2.807904e-01
5.762790e+04    7.825646e-01    5.246496e+24    4.319495e-02    2.159747e-01    5.576444e-02    2.788222e-01
5.967500e+04    7.752558e-01    5.173557e+24    4.289365e-02    2.144682e-01    5.537546e-02    2.768773e-01
6.177060e+04    7.680258e-01    5.101986e+24    4.259592e-02    2.129796e-01    5.499109e-02    2.749555e-01
6.391560e+04    7.608721e-01    5.031405e+24    4.230025e-02    2.115013e-01    5.460939e-02    2.730470e-01
6.611110e+04    7.537931e-01    4.962142e+24    4.200809e-02    2.100404e-01    5.423221e-02    2.711611e-01
6.835810e+04    7.467902e-01    4.894173e+24    4.171939e-02    2.085970e-01    5.385950e-02    2.692975e-01
7.065780e+04    7.398621e-01    4.827245e+24    4.143315e-02    2.071658e-01    5.348997e-02    2.674498e-01
7.301110e+04    7.330072e-01    4.761669e+24    4.115077e-02    2.057538e-01    5.312541e-02    2.656271e-01
7.541920e+04    7.262241e-01    4.697203e+24    4.087125e-02    2.043563e-01    5.276456e-02    2.638228e-01
7.788310e+04    7.195130e-01    4.633714e+24    4.059410e-02    2.029705e-01    5.240676e-02    2.620338e-01
8.040410e+04    7.128721e-01    4.571400e+24    4.032022e-02    2.016011e-01    5.205319e-02    2.602659e-01
8.298320e+04    7.063017e-01    4.510132e+24    4.004912e-02    2.002456e-01    5.170319e-02    2.585159e-01
8.562170e+04    6.998003e-01    4.449992e+24    3.978121e-02    1.989060e-01    5.135732e-02    2.567866e-01
8.832080e+04    6.933678e-01    4.390756e+24    3.951555e-02    1.975777e-01    5.101435e-02    2.550717e-01
9.108150e+04    6.870014e-01    4.332806e+24    3.925391e-02    1.962695e-01    5.067658e-02    2.533829e-01
9.390520e+04    6.807040e-01    4.275720e+24    3.899446e-02    1.949723e-01    5.034164e-02    2.517082e-01
9.679300e+04    6.744712e-01    4.219677e+24    3.873807e-02    1.936903e-01    5.001063e-02    2.500531e-01
9.974620e+04    6.683032e-01    4.164657e+24    3.848468e-02    1.924234e-01    4.968351e-02    2.484176e-01
1.027660e+05    6.621983e-01    4.110639e+24    3.823428e-02    1.911714e-01    4.936025e-02    2.468012e-01
1.058540e+05    6.561581e-01    4.057601e+24    3.798682e-02    1.899341e-01    4.904078e-02    2.452039e-01
1.090110e+05    6.501796e-01    4.005616e+24    3.774270e-02    1.887135e-01    4.872562e-02    2.436281e-01
1.122380e+05    6.442630e-01    3.953842e+24    3.749799e-02    1.874899e-01    4.840969e-02    2.420485e-01
1.155380e+05    6.384181e-01    3.893044e+24    3.720857e-02    1.860428e-01    4.803606e-02    2.401803e-01
1.189190e+05    6.326322e-01    3.833357e+24    3.692223e-02    1.846112e-01    4.766640e-02    2.383320e-01
1.223850e+05    6.269037e-01    3.774759e+24    3.663894e-02    1.831947e-01    4.730067e-02    2.365034e-01
1.259370e+05    6.212328e-01    3.717228e+24    3.635866e-02    1.817933e-01    4.693883e-02    2.346942e-01
1.295770e+05    6.156178e-01    3.660827e+24    3.608178e-02    1.804089e-01    4.658138e-02    2.329069e-01
1.333060e+05    6.100589e-01    3.605532e+24    3.580824e-02    1.790412e-01    4.622824e-02    2.311412e-01
1.371270e+05    6.045532e-01    3.551233e+24    3.553759e-02    1.776879e-01    4.587883e-02    2.293941e-01
1.410420e+05    5.991020e-01    3.497996e+24    3.527021e-02    1.763510e-01    4.553364e-02    2.276682e-01
1.450530e+05    5.937040e-01    3.445714e+24    3.500564e-02    1.750282e-01    4.519208e-02    2.259604e-01
1.491610e+05    5.883563e-01    3.394527e+24    3.474465e-02    1.737232e-01    4.485515e-02    2.242758e-01
1.533700e+05    5.830618e-01    3.344255e+24    3.448641e-02    1.724320e-01    4.452176e-02    2.226088e-01
1.576800e+05    5.778161e-01    3.294954e+24    3.423127e-02    1.711563e-01    4.419238e-02    2.209619e-01
1.620950e+05    5.726222e-01    3.245557e+24    3.397371e-02    1.698685e-01    4.385987e-02    2.192993e-01
1.666170e+05    5.674842e-01    3.189696e+24    3.368007e-02    1.684004e-01    4.348078e-02    2.174039e-01
1.712610e+05    5.623951e-01    3.134796e+24    3.338897e-02    1.669448e-01    4.310497e-02    2.155248e-01
1.760280e+05    5.573549e-01    3.080841e+24    3.310038e-02    1.655019e-01    4.273241e-02    2.136620e-01
1.809230e+05    5.523635e-01    3.027815e+24    3.281429e-02    1.640714e-01    4.236307e-02    2.118153e-01
1.859490e+05    5.474181e-01    2.975701e+24    3.253067e-02    1.626533e-01    4.199691e-02    2.099846e-01
1.911080e+05    5.425201e-01    2.924552e+24    3.224987e-02    1.612494e-01    4.163441e-02    2.081720e-01
1.964060e+05    5.376696e-01    2.874281e+24    3.197149e-02    1.598575e-01    4.127502e-02    2.063751e-01
2.018450e+05    5.328664e-01    2.824875e+24    3.169552e-02    1.584776e-01    4.091874e-02    2.045937e-01
2.074280e+05    5.281092e-01    2.776318e+24    3.142193e-02    1.571097e-01    4.056554e-02    2.028277e-01
2.131610e+05    5.233980e-01    2.728596e+24    3.115071e-02    1.557535e-01    4.021539e-02    2.010770e-01
2.190460e+05    5.187327e-01    2.681756e+24    3.088218e-02    1.544109e-01    3.986873e-02    1.993436e-01
2.250880e+05    5.141121e-01    2.635781e+24    3.061632e-02    1.530816e-01    3.952550e-02    1.976275e-01
2.312900e+05    5.095359e-01    2.590535e+24    3.035240e-02    1.517620e-01    3.918478e-02    1.959239e-01
2.376580e+05    5.050043e-01    2.546122e+24    3.009109e-02    1.504554e-01    3.884743e-02    1.942371e-01
2.441950e+05    5.005158e-01    2.502530e+24    2.983238e-02    1.491619e-01    3.851344e-02    1.925672e-01
2.509050e+05    4.960704e-01    2.459627e+24    2.957556e-02    1.478778e-01    3.818188e-02    1.909094e-01
2.577930e+05    4.916681e-01    2.417516e+24    2.932129e-02    1.466064e-01    3.785362e-02    1.892681e-01
2.648650e+05    4.873075e-01    2.376180e+24    2.906952e-02    1.453476e-01    3.752860e-02    1.876430e-01
2.721230e+05    4.829885e-01    2.335497e+24    2.881960e-02    1.440980e-01    3.720594e-02    1.860297e-01
2.795750e+05    4.787098e-01    2.295458e+24    2.857150e-02    1.428575e-01    3.688564e-02    1.844282e-01
2.872230e+05    4.744713e-01    2.256208e+24    2.832617e-02    1.416309e-01    3.656893e-02    1.828447e-01
2.950750e+05    4.702730e-01    2.217580e+24    2.808264e-02    1.404132e-01    3.625453e-02    1.812727e-01
3.031340e+05    4.661135e-01    2.179562e+24    2.784088e-02    1.392044e-01    3.594242e-02    1.797121e-01
3.114080e+05    4.619928e-01    2.142197e+24    2.760120e-02    1.380060e-01    3.563300e-02    1.781650e-01
3.199000e+05    4.579095e-01    2.105422e+24    2.736326e-02    1.368163e-01    3.532582e-02    1.766291e-01
3.286180e+05    4.538635e-01    2.069280e+24    2.712739e-02    1.356369e-01    3.502130e-02    1.751065e-01
3.375680e+05    4.498549e-01    2.033711e+24    2.689323e-02    1.344661e-01    3.471901e-02    1.735950e-01
3.467550e+05    4.458808e-01    1.998754e+24    2.666109e-02    1.333055e-01    3.441932e-02    1.720966e-01
3.561860e+05    4.419439e-01    1.964261e+24    2.643005e-02    1.321502e-01    3.412105e-02    1.706052e-01
3.658680e+05    4.380402e-01    1.930364e+24    2.620100e-02    1.310050e-01    3.382535e-02    1.691267e-01
3.758080e+05    4.341724e-01    1.896964e+24    2.597335e-02    1.298667e-01    3.353145e-02    1.676572e-01
3.860130e+05    4.303391e-01    1.864101e+24    2.574738e-02    1.287369e-01    3.323972e-02    1.661986e-01
3.964900e+05    4.265388e-01    1.831763e+24    2.552307e-02    1.276154e-01    3.295015e-02    1.647507e-01
4.072480e+05    4.227730e-01    1.799945e+24    2.530043e-02    1.265022e-01    3.266272e-02    1.633136e-01
4.182930e+05    4.190417e-01    1.768640e+24    2.507945e-02    1.253972e-01    3.237743e-02    1.618871e-01
4.296340e+05    4.153420e-01    1.737798e+24    2.485982e-02    1.242991e-01    3.209389e-02    1.604694e-01
4.412780e+05    4.116767e-01    1.707455e+24    2.464183e-02    1.232092e-01    3.181247e-02    1.590623e-01
4.532360e+05    4.080446e-01    1.677564e+24    2.442519e-02    1.221259e-01    3.153278e-02    1.576639e-01
4.655140e+05    4.044439e-01    1.648198e+24    2.421045e-02    1.210523e-01    3.125556e-02    1.562778e-01
4.781230e+05    4.008779e-01    1.619270e+24    2.399705e-02    1.199853e-01    3.098007e-02    1.549003e-01
4.910710e+05    3.973448e-01    1.590814e+24    2.378526e-02    1.189263e-01    3.070664e-02    1.535332e-01
5.043680e+05    3.938434e-01    1.562857e+24    2.357534e-02    1.178767e-01    3.043563e-02    1.521782e-01
5.180230e+05    3.903764e-01    1.535286e+24    2.336646e-02    1.168323e-01    3.016598e-02    1.508299e-01
5.320470e+05    3.869411e-01    1.508201e+24    2.315944e-02    1.157972e-01    2.989870e-02    1.494935e-01
5.464490e+05    3.835388e-01    1.481526e+24    2.295371e-02    1.147686e-01    2.963312e-02    1.481656e-01
5.612410e+05    3.801681e-01    1.455289e+24    2.274956e-02    1.137478e-01    2.936955e-02    1.468478e-01
5.764330e+05    3.768290e-01    1.429451e+24    2.254670e-02    1.127335e-01    2.910766e-02    1.455383e-01
5.920360e+05    3.735230e-01    1.404040e+24    2.234539e-02    1.117270e-01    2.884778e-02    1.442389e-01
6.080630e+05    3.702471e-01    1.379016e+24    2.214537e-02    1.107269e-01    2.858955e-02    1.429478e-01
6.245240e+05    3.670014e-01    1.354408e+24    2.194689e-02    1.097344e-01    2.833331e-02    1.416666e-01
6.414330e+05    3.637874e-01    1.330176e+24    2.174968e-02    1.087484e-01    2.807872e-02    1.403936e-01
6.588030e+05    3.606020e-01    1.306319e+24    2.155375e-02    1.077688e-01    2.782578e-02    1.391289e-01
6.766450e+05    3.574468e-01    1.282801e+24    2.135885e-02    1.067943e-01    2.757416e-02    1.378708e-01
6.949750e+05    3.543204e-01    1.259648e+24    2.116523e-02    1.058261e-01    2.732419e-02    1.366209e-01
7.138070e+05    3.512227e-01    1.236856e+24    2.097287e-02    1.048644e-01    2.707586e-02    1.353793e-01
7.331550e+05    3.481509e-01    1.214393e+24    2.078155e-02    1.039078e-01    2.682887e-02    1.341443e-01
7.530350e+05    3.451077e-01    1.192255e+24    2.059126e-02    1.029563e-01    2.658320e-02    1.329160e-01
7.734620e+05    3.420905e-01    1.170440e+24    2.040201e-02    1.020101e-01    2.633888e-02    1.316944e-01
7.944540e+05    3.390991e-01    1.148919e+24    2.021357e-02    1.010678e-01    2.609560e-02    1.304780e-01
8.160280e+05    3.361336e-01    1.127689e+24    2.002594e-02    1.001297e-01    2.585338e-02    1.292669e-01
8.382010e+05    3.331940e-01    1.106775e+24    1.983937e-02    9.919686e-02    2.561252e-02    1.280626e-01
8.609940e+05    3.302773e-01    1.086099e+24    1.965319e-02    9.826593e-02    2.537215e-02    1.268608e-01
8.844250e+05    3.273865e-01    1.065711e+24    1.946785e-02    9.733925e-02    2.513289e-02    1.256644e-01
9.085140e+05    3.245187e-01    1.045609e+24    1.928337e-02    9.641686e-02    2.489473e-02    1.244736e-01
9.332850e+05    3.216753e-01    1.025603e+24    1.909801e-02    9.549002e-02    2.465542e-02    1.232771e-01
9.587620e+05    3.188563e-01    1.005447e+24    1.890941e-02    9.454705e-02    2.441194e-02    1.220597e-01
9.849790e+05    3.160603e-01    9.855740e+23    1.872160e-02    9.360799e-02    2.416948e-02    1.208474e-01
1.011960e+06    3.132874e-01    9.660049e+23    1.853480e-02    9.267401e-02    2.392833e-02    1.196416e-01
1.039730e+06    3.105374e-01    9.466716e+23    1.834839e-02    9.174195e-02    2.368767e-02    1.184383e-01
1.068320e+06    3.078103e-01    9.276396e+23    1.816302e-02    9.081508e-02    2.344835e-02    1.172418e-01
1.097760e+06    3.051063e-01    9.088859e+23    1.797848e-02    8.989241e-02    2.321012e-02    1.160506e-01
1.128070e+06    3.024253e-01    8.903877e+23    1.779459e-02    8.897293e-02    2.297271e-02    1.148636e-01
1.159280e+06    2.997687e-01    8.721664e+23    1.761157e-02    8.805783e-02    2.273643e-02    1.136822e-01
1.191430e+06    2.971351e-01    8.542585e+23    1.742982e-02    8.714911e-02    2.250180e-02    1.125090e-01
1.224540e+06    2.945244e-01    8.366030e+23    1.724876e-02    8.624383e-02    2.226806e-02    1.113403e-01
1.258650e+06    2.919368e-01    8.192363e+23    1.706880e-02    8.534398e-02    2.203572e-02    1.101786e-01
1.293800e+06    2.893736e-01    8.021385e+23    1.688974e-02    8.444871e-02    2.180456e-02    1.090228e-01
1.330010e+06    2.868319e-01    7.853247e+23    1.671179e-02    8.355894e-02    2.157483e-02    1.078741e-01
1.367320e+06    2.843161e-01    7.687398e+23    1.653438e-02    8.267191e-02    2.134580e-02    1.067290e-01
1.405780e+06    2.818218e-01    7.523488e+23    1.635716e-02    8.178580e-02    2.111700e-02    1.055850e-01
1.445420e+06    2.793520e-01    7.362399e+23    1.618110e-02    8.090549e-02    2.088971e-02    1.044485e-01
1.486280e+06    2.769037e-01    7.203762e+23    1.600582e-02    8.002911e-02    2.066343e-02    1.033171e-01
1.528420e+06    2.744799e-01    7.047894e+23    1.583172e-02    7.915858e-02    2.043866e-02    1.021933e-01
1.571870e+06    2.720762e-01    6.894444e+23    1.565842e-02    7.829210e-02    2.021493e-02    1.010747e-01
1.616670e+06    2.696954e-01    6.743562e+23    1.548613e-02    7.743066e-02    1.999251e-02    9.996256e-02
1.662890e+06    2.673362e-01    6.595068e+23    1.531468e-02    7.657340e-02    1.977117e-02    9.885584e-02
1.710560e+06    2.649971e-01    6.448804e+23    1.514391e-02    7.571953e-02    1.955070e-02    9.775349e-02
1.759740e+06    2.626796e-01    6.304769e+23    1.497383e-02    7.486915e-02    1.933113e-02    9.665566e-02
1.810490e+06    2.603822e-01    6.162818e+23    1.480430e-02    7.402152e-02    1.911227e-02    9.556137e-02
1.862870e+06    2.581034e-01    6.022949e+23    1.463534e-02    7.317671e-02    1.889415e-02    9.447073e-02
1.916940e+06    2.558462e-01    5.885039e+23    1.446682e-02    7.233408e-02    1.867658e-02    9.338290e-02
1.972760e+06    2.536063e-01    5.749094e+23    1.429875e-02    7.149374e-02    1.845960e-02    9.229802e-02
2.030410e+06    2.513865e-01    5.615123e+23    1.413116e-02    7.065583e-02    1.824326e-02    9.121628e-02
2.089950e+06    2.491853e-01    5.482887e+23    1.396378e-02    6.981890e-02    1.802716e-02    9.013581e-02
2.151470e+06    2.470029e-01    5.352655e+23    1.379694e-02    6.898472e-02    1.781178e-02    8.905889e-02
2.215040e+06    2.448391e-01    5.224193e+23    1.363038e-02    6.815189e-02    1.759674e-02    8.798371e-02
2.280750e+06    2.426925e-01    5.097524e+23    1.346412e-02    6.732059e-02    1.738210e-02    8.691051e-02
2.348690e+06    2.405661e-01    4.972665e+23    1.329820e-02    6.649101e-02    1.716790e-02    8.583952e-02
2.418950e+06    2.384555e-01    4.849748e+23    1.313282e-02    6.566409e-02    1.695440e-02    8.477197e-02
2.491630e+06    2.363649e-01    4.728673e+23    1.296785e-02    6.483925e-02    1.674142e-02    8.370711e-02
2.566830e+06    2.342917e-01    4.609452e+23    1.280333e-02    6.401665e-02    1.652903e-02    8.264514e-02
2.644660e+06    2.322371e-01    4.491995e+23    1.263915e-02    6.319576e-02    1.631708e-02    8.158538e-02
2.725230e+06    2.301997e-01    4.376321e+23    1.247536e-02    6.237677e-02    1.610561e-02    8.052807e-02
2.808660e+06    2.281810e-01    4.262647e+23    1.231227e-02    6.156133e-02    1.589507e-02    7.947534e-02
2.895070e+06    2.261796e-01    4.150871e+23    1.214977e-02    6.074883e-02    1.568528e-02    7.842640e-02
2.984600e+06    2.241968e-01    4.040818e+23    1.198762e-02    5.993810e-02    1.547595e-02    7.737976e-02
3.077370e+06    2.222313e-01    3.932868e+23    1.182641e-02    5.913206e-02    1.526783e-02    7.633916e-02
3.173540e+06    2.202830e-01    3.827801e+23    1.166737e-02    5.833685e-02    1.506251e-02    7.531255e-02
3.273220e+06    2.183520e-01    3.724341e+23    1.150861e-02    5.754307e-02    1.485756e-02    7.428778e-02
3.376580e+06    2.164382e-01    3.622424e+23    1.135005e-02    5.675027e-02    1.465286e-02    7.326428e-02
3.483780e+06    2.145417e-01    3.522081e+23    1.119175e-02    5.595875e-02    1.444849e-02    7.224243e-02
3.595010e+06    2.126609e-01    3.423176e+23    1.103349e-02    5.516745e-02    1.424418e-02    7.122088e-02
3.710460e+06    2.107974e-01    3.325672e+23    1.087522e-02    5.437609e-02    1.403985e-02    7.019924e-02
3.830360e+06    2.089497e-01    3.229529e+23    1.071687e-02    5.358435e-02    1.383542e-02    6.917709e-02
3.954910e+06    2.071164e-01    3.134652e+23    1.055828e-02    5.279137e-02    1.363067e-02    6.815337e-02
4.084370e+06    2.053003e-01    3.041020e+23    1.039939e-02    5.199696e-02    1.342556e-02    6.712779e-02
4.219000e+06    2.034986e-01    2.948691e+23    1.024031e-02    5.120153e-02    1.322018e-02    6.610089e-02
4.359070e+06    2.017126e-01    2.857586e+23    1.008087e-02    5.040435e-02    1.301435e-02    6.507173e-02
4.504890e+06    1.999411e-01    2.767829e+23    9.921286e-03    4.960643e-02    1.280833e-02    6.404163e-02
4.656760e+06    1.981853e-01    2.679410e+23    9.761531e-03    4.880765e-02    1.260208e-02    6.301041e-02
4.815040e+06    1.964454e-01    2.592384e+23    9.601697e-03    4.800848e-02    1.239574e-02    6.197868e-02
4.980090e+06    1.947198e-01    2.506625e+23    9.441543e-03    4.720771e-02    1.218898e-02    6.094489e-02
5.152290e+06    1.930115e-01    2.421025e+23    9.278931e-03    4.639466e-02    1.197905e-02    5.989524e-02
5.332160e+06    1.913175e-01    2.337380e+23    9.117231e-03    4.558615e-02    1.177030e-02    5.885147e-02
5.520120e+06    1.896379e-01    2.255741e+23    8.956596e-03    4.478298e-02    1.156291e-02    5.781458e-02
5.716600e+06    1.879741e-01    2.176102e+23    8.797069e-03    4.398534e-02    1.135697e-02    5.678483e-02
5.922080e+06    1.863247e-01    2.098405e+23    8.638593e-03    4.319296e-02    1.115238e-02    5.576188e-02
6.137040e+06    1.846897e-01    2.022690e+23    8.481311e-03    4.240655e-02    1.094933e-02    5.474663e-02
6.362040e+06    1.830704e-01    1.948854e+23    8.325072e-03    4.162536e-02    1.074762e-02    5.373811e-02
6.597620e+06    1.814641e-01    1.876762e+23    8.169641e-03    4.084820e-02    1.054696e-02    5.273481e-02
6.844410e+06    1.798736e-01    1.805798e+23    8.013697e-03    4.006849e-02    1.034564e-02    5.172819e-02
7.103180e+06    1.782960e-01    1.736318e+23    7.858016e-03    3.929008e-02    1.014466e-02    5.072328e-02
7.374680e+06    1.767313e-01    1.668473e+23    7.702966e-03    3.851483e-02    9.944486e-03    4.972243e-02
7.659710e+06    1.751825e-01    1.602098e+23    7.548191e-03    3.774096e-02    9.744673e-03    4.872337e-02
7.959190e+06    1.736451e-01    1.537090e+23    7.393464e-03    3.696732e-02    9.544921e-03    4.772461e-02
8.274090e+06    1.721221e-01    1.473429e+23    7.238739e-03    3.619369e-02    9.345172e-03    4.672586e-02
8.605510e+06    1.706121e-01    1.411137e+23    7.084071e-03    3.542036e-02    9.145497e-03    4.572748e-02
8.954620e+06    1.691149e-01    1.350203e+23    6.929436e-03    3.464718e-02    8.945864e-03    4.472932e-02
9.322710e+06    1.676322e-01    1.290712e+23    6.775057e-03    3.387529e-02    8.746561e-03    4.373281e-02
9.711170e+06    1.661624e-01    1.232620e+23    6.620838e-03    3.310419e-02    8.547465e-03    4.273733e-02
1.012150e+07    1.647098e-01    1.173247e+23    6.459412e-03    3.229706e-02    8.339065e-03    4.169532e-02
1.055650e+07    1.632730e-01    1.114806e+23    6.296481e-03    3.148240e-02    8.128722e-03    4.064361e-02
1.101830e+07    1.618491e-01    1.058106e+23    6.134270e-03    3.067135e-02    7.919309e-03    3.959654e-02
1.150900e+07    1.604397e-01    1.003181e+23    5.972937e-03    2.986468e-02    7.711028e-03    3.855514e-02
1.203130e+07    1.590460e-01    9.500123e+22    5.812500e-03    2.906250e-02    7.503905e-03    3.751952e-02
1.258750e+07    1.576652e-01    8.985853e+22    5.652987e-03    2.826493e-02    7.297975e-03    3.648987e-02
1.318080e+07    1.562974e-01    8.497071e+22    5.497091e-03    2.748546e-02    7.096714e-03    3.548357e-02
1.381370e+07    1.549440e-01    8.028222e+22    5.343281e-03    2.671640e-02    6.898146e-03    3.449073e-02
1.448930e+07    1.536034e-01    7.575814e+22    5.190545e-03    2.595272e-02    6.700965e-03    3.350482e-02
1.521160e+07    1.522787e-01    7.139690e+22    5.038926e-03    2.519463e-02    6.505226e-03    3.252613e-02
1.598470e+07    1.509669e-01    6.719692e+22    4.888471e-03    2.444235e-02    6.310988e-03    3.155494e-02
1.681320e+07    1.496681e-01    6.317266e+22    4.739832e-03    2.369916e-02    6.119096e-03    3.059548e-02
1.770220e+07    1.483822e-01    5.937168e+22    4.595026e-03    2.297513e-02    5.932153e-03    2.966076e-02
1.865620e+07    1.471106e-01    5.571077e+22    4.451106e-03    2.225553e-02    5.746353e-03    2.873176e-02
1.968180e+07    1.458520e-01    5.218543e+22    4.307973e-03    2.153986e-02    5.561569e-03    2.780784e-02
2.078600e+07    1.446078e-01    4.878872e+22    4.165413e-03    2.082706e-02    5.377524e-03    2.688762e-02
2.197740e+07    1.433770e-01    4.553856e+22    4.024278e-03    2.012139e-02    5.195320e-03    2.597660e-02
2.326460e+07    1.421552e-01    4.257252e+22    3.891016e-03    1.945508e-02    5.023280e-03    2.511640e-02
2.465350e+07    1.409470e-01    3.970079e+22    3.757490e-03    1.878745e-02    4.850900e-03    2.425450e-02
2.615550e+07    1.397526e-01    3.691811e+22    3.623415e-03    1.811707e-02    4.677808e-03    2.338904e-02
2.778460e+07    1.385721e-01    3.422308e+22    3.488654e-03    1.744327e-02    4.503833e-03    2.251916e-02
2.955690e+07    1.374050e-01    3.163439e+22    3.354116e-03    1.677058e-02    4.330145e-03    2.165072e-02
3.149050e+07    1.362514e-01    2.915809e+22    3.220163e-03    1.610082e-02    4.157213e-03    2.078606e-02
3.360610e+07    1.351118e-01    2.678425e+22    3.086300e-03    1.543150e-02    3.984396e-03    1.992198e-02
3.592870e+07    1.339861e-01    2.452051e+22    2.952997e-03    1.476498e-02    3.812303e-03    1.906151e-02
3.848700e+07    1.328730e-01    2.239904e+22    2.822364e-03    1.411182e-02    3.643656e-03    1.821828e-02
4.131100e+07    1.317720e-01    2.042956e+22    2.695429e-03    1.347714e-02    3.479783e-03    1.739892e-02
4.443320e+07    1.306845e-01    1.858101e+22    2.570591e-03    1.285296e-02    3.318619e-03    1.659309e-02
4.789460e+07    1.296105e-01    1.685309e+22    2.448150e-03    1.224075e-02    3.160548e-03    1.580274e-02
5.174240e+07    1.285467e-01    1.528583e+22    2.331540e-03    1.165770e-02    3.010005e-03    1.505003e-02
5.601990e+07    1.274944e-01    1.384806e+22    2.219182e-03    1.109591e-02    2.864951e-03    1.432476e-02
6.078050e+07    1.264550e-01    1.250286e+22    2.108643e-03    1.054321e-02    2.722246e-03    1.361123e-02
6.609650e+07    1.254287e-01    1.124344e+22    1.999622e-03    9.998110e-03    2.581501e-03    1.290750e-02
7.205650e+07    1.244109e-01    1.011252e+22    1.896391e-03    9.481955e-03    2.448230e-03    1.224115e-02
7.873720e+07    1.234060e-01    9.048350e+21    1.793837e-03    8.969186e-03    2.315834e-03    1.157917e-02
8.626440e+07    1.224152e-01    8.040246e+21    1.690959e-03    8.454793e-03    2.183018e-03    1.091509e-02
9.480390e+07    1.214388e-01    7.091845e+21    1.588100e-03    7.940501e-03    2.050229e-03    1.025114e-02
1.045630e+08    1.204762e-01    6.209964e+21    1.486082e-03    7.430411e-03    1.918524e-03    9.592620e-03
1.157980e+08    1.195296e-01    5.385791e+21    1.383958e-03    6.919792e-03    1.786683e-03    8.933414e-03
1.288540e+08    1.185977e-01    4.632756e+21    1.283565e-03    6.417827e-03    1.657076e-03    8.285379e-03
1.441510e+08    1.176785e-01    3.965511e+21    1.187539e-03    5.937695e-03    1.533106e-03    7.665532e-03
1.621630e+08    1.167733e-01    3.369916e+21    1.094732e-03    5.473660e-03    1.413293e-03    7.066465e-03
1.835210e+08    1.158744e-01    2.868530e+21    1.010015e-03    5.050077e-03    1.303924e-03    6.519622e-03
2.088080e+08    1.149737e-01    2.467797e+21    9.368132e-04    4.684066e-03    1.209421e-03    6.047103e-03
2.384310e+08    1.140861e-01    2.109159e+21    8.660699e-04    4.330349e-03    1.118091e-03    5.590457e-03
2.701190e+08    1.132828e-01    1.812047e+21    8.027550e-04    4.013775e-03    1.036352e-03    5.181761e-03
3.018070e+08    1.125825e-01    1.603095e+21    7.550538e-04    3.775269e-03    9.747702e-04    4.873851e-03
3.334950e+08    1.119649e-01    1.431263e+21    7.134410e-04    3.567205e-03    9.210483e-04    4.605242e-03
3.651840e+08    1.114162e-01    1.285463e+21    6.761267e-04    3.380633e-03    8.728758e-04    4.364379e-03
3.968720e+08    1.109257e-01    1.160591e+21    6.424480e-04    3.212240e-03    8.293968e-04    4.146984e-03
4.285600e+08    1.104845e-01    1.052832e+21    6.118963e-04    3.059482e-03    7.899548e-04    3.949774e-03
4.602480e+08    1.100863e-01    9.576779e+20    5.835903e-04    2.917951e-03    7.534118e-04    3.767059e-03
4.919360e+08    1.097264e-01    8.722062e+20    5.569394e-04    2.784697e-03    7.190056e-04    3.595028e-03
5.236240e+08    1.093994e-01    7.974054e+20    5.325224e-04    2.662612e-03    6.874835e-04    3.437418e-03
5.553120e+08    1.091010e-01    7.315591e+20    5.100621e-04    2.550310e-03    6.584873e-04    3.292436e-03
5.870000e+08    1.088279e-01    6.735026e+20    4.894045e-04    2.447022e-03    6.318185e-04    3.159092e-03
6.186880e+08    1.085767e-01    6.219694e+20    4.703085e-04    2.351543e-03    6.071657e-04    3.035828e-03
6.503760e+08    1.083450e-01    5.761017e+20    4.526348e-04    2.263174e-03    5.843490e-04    2.921745e-03
6.820640e+08    1.081306e-01    5.351544e+20    4.362524e-04    2.181262e-03    5.631995e-04    2.815997e-03
7.137520e+08    1.079297e-01    5.033954e+20    4.231097e-04    2.115548e-03    5.462322e-04    2.731161e-03
7.454410e+08    1.077387e-01    4.800200e+20    4.131692e-04    2.065846e-03    5.333992e-04    2.666996e-03
7.771290e+08    1.075569e-01    4.582359e+20    4.036852e-04    2.018426e-03    5.211554e-04    2.605777e-03
8.088170e+08    1.073838e-01    4.378940e+20    3.946234e-04    1.973117e-03    5.094566e-04    2.547283e-03
8.405050e+08    1.072185e-01    4.188988e+20    3.859694e-04    1.929847e-03    4.982844e-04    2.491422e-03
8.721930e+08    1.070608e-01    4.011616e+20    3.777096e-04    1.888548e-03    4.876210e-04    2.438105e-03
9.038810e+08    1.069099e-01    3.845468e+20    3.698051e-04    1.849025e-03    4.774163e-04    2.387082e-03
9.355690e+08    1.067655e-01    3.689939e+20    3.622496e-04    1.811248e-03    4.676622e-04    2.338311e-03
9.672570e+08    1.066272e-01    3.544290e+20    3.550283e-04    1.775141e-03    4.583395e-04    2.291698e-03
9.989450e+08    1.064944e-01    3.407528e+20    3.481112e-04    1.740556e-03    4.494097e-04    2.247048e-03
1.030630e+09    1.063670e-01    3.278983e+20    3.414821e-04    1.707410e-03    4.408515e-04    2.204257e-03
1.062320e+09    1.062445e-01    3.157980e+20    3.351221e-04    1.675610e-03    4.326407e-04    2.163203e-03
1.094010e+09    1.061267e-01    3.043961e+20    3.290167e-04    1.645083e-03    4.247587e-04    2.123793e-03
1.125700e+09    1.060132e-01    2.936631e+20    3.231640e-04    1.615820e-03    4.172030e-04    2.086015e-03
1.157390e+09    1.059040e-01    2.835171e+20    3.175323e-04    1.587661e-03    4.099324e-04    2.049662e-03
1.189070e+09    1.057986e-01    2.739173e+20    3.121102e-04    1.560551e-03    4.029326e-04    2.014663e-03
1.220760e+09    1.056968e-01    2.648372e+20    3.068936e-04    1.534468e-03    3.961979e-04    1.980990e-03
1.252450e+09    1.055987e-01    2.562472e+20    3.018755e-04    1.509378e-03    3.897196e-04    1.948598e-03
1.284140e+09    1.055037e-01    2.480899e+20    2.970318e-04    1.485159e-03    3.834664e-04    1.917332e-03
1.315830e+09    1.054119e-01    2.403472e+20    2.923599e-04    1.461800e-03    3.774350e-04    1.887175e-03
1.347510e+09    1.053228e-01    2.337272e+20    2.883055e-04    1.441527e-03    3.722008e-04    1.861004e-03
1.379200e+09    1.052359e-01    2.283281e+20    2.849561e-04    1.424781e-03    3.678768e-04    1.839384e-03
1.410890e+09    1.051511e-01    2.231306e+20    2.816942e-04    1.408471e-03    3.636656e-04    1.818328e-03
1.442580e+09    1.050685e-01    2.181120e+20    2.785082e-04    1.392541e-03    3.595526e-04    1.797763e-03
1.474270e+09    1.049878e-01    2.132697e+20    2.753993e-04    1.376997e-03    3.555390e-04    1.777695e-03
1.505950e+09    1.049089e-01    2.085880e+20    2.723598e-04    1.361799e-03    3.516150e-04    1.758075e-03
1.537640e+09    1.048319e-01    2.040701e+20    2.693941e-04    1.346970e-03    3.477862e-04    1.738931e-03
1.569330e+09    1.047566e-01    1.997098e+20    2.665005e-04    1.332503e-03    3.440507e-04    1.720254e-03
1.601020e+09    1.046830e-01    1.954921e+20    2.636714e-04    1.318357e-03    3.403983e-04    1.701991e-03
1.632710e+09    1.046112e-01    1.914076e+20    2.609023e-04    1.304512e-03    3.368234e-04    1.684117e-03
1.664400e+09    1.045408e-01    1.874517e+20    2.581921e-04    1.290961e-03    3.333246e-04    1.666623e-03
1.696080e+09    1.044720e-01    1.836196e+20    2.555394e-04    1.277697e-03    3.298999e-04    1.649500e-03
1.727770e+09    1.044047e-01    1.799159e+20    2.529490e-04    1.264745e-03    3.265558e-04    1.632779e-03
1.759460e+09    1.043388e-01    1.763313e+20    2.504166e-04    1.252083e-03    3.232864e-04    1.616432e-03
1.791150e+09    1.042743e-01    1.728539e+20    2.479350e-04    1.239675e-03    3.200828e-04    1.600414e-03
1.822840e+09    1.042111e-01    1.694804e+20    2.455037e-04    1.227519e-03    3.169439e-04    1.584720e-03
1.854520e+09    1.041491e-01    1.662109e+20    2.431241e-04    1.215620e-03    3.138719e-04    1.569359e-03
1.886210e+09    1.040885e-01    1.630418e+20    2.407952e-04    1.203976e-03    3.108653e-04    1.554326e-03
1.917900e+09    1.040292e-01    1.599703e+20    2.385162e-04    1.192581e-03    3.079231e-04    1.539616e-03
1.949590e+09    1.039708e-01    1.569926e+20    2.362860e-04    1.181430e-03    3.050438e-04    1.525219e-03
1.981280e+09    1.039138e-01    1.540952e+20    2.340954e-04    1.170477e-03    3.022159e-04    1.511079e-03
2.012960e+09    1.038578e-01    1.512792e+20    2.319466e-04    1.159733e-03    2.994417e-04    1.497209e-03
2.044650e+09    1.038029e-01    1.485455e+20    2.298413e-04    1.149206e-03    2.967238e-04    1.483619e-03
2.076340e+09    1.037489e-01    1.458913e+20    2.277786e-04    1.138893e-03    2.940609e-04    1.470305e-03
2.108030e+09    1.036960e-01    1.433142e+20    2.257579e-04    1.128790e-03    2.914522e-04    1.457261e-03
2.139720e+09    1.036441e-01    1.408054e+20    2.237732e-04    1.118866e-03    2.888899e-04    1.444449e-03
2.171400e+09    1.035931e-01    1.383659e+20    2.218262e-04    1.109131e-03    2.863764e-04    1.431882e-03
2.203090e+09    1.035431e-01    1.359876e+20    2.199115e-04    1.099558e-03    2.839046e-04    1.419523e-03
2.234780e+09    1.034940e-01    1.336778e+20    2.180359e-04    1.090179e-03    2.814831e-04    1.407415e-03
2.266470e+09    1.034457e-01    1.314314e+20    2.161962e-04    1.080981e-03    2.791080e-04    1.395540e-03
2.298160e+09    1.033983e-01    1.292437e+20    2.143893e-04    1.071946e-03    2.767753e-04    1.383877e-03
2.329840e+09    1.033516e-01    1.271157e+20    2.126169e-04    1.063085e-03    2.744873e-04    1.372437e-03
2.361530e+09    1.033058e-01    1.250401e+20    2.108740e-04    1.054370e-03    2.722372e-04    1.361186e-03
2.393220e+09    1.032608e-01    1.230182e+20    2.091621e-04    1.045811e-03    2.700271e-04    1.350136e-03
2.424910e+09    1.032165e-01    1.210485e+20    2.074808e-04    1.037404e-03    2.678566e-04    1.339283e-03
2.456600e+09    1.031728e-01    1.191268e+20    2.058273e-04    1.029137e-03    2.657220e-04    1.328610e-03
2.488290e+09    1.031300e-01    1.172571e+20    2.042057e-04    1.021029e-03    2.636285e-04    1.318142e-03
2.519970e+09    1.030879e-01    1.154329e+20    2.026110e-04    1.013055e-03    2.615697e-04    1.307849e-03
2.551660e+09    1.030464e-01    1.136526e+20    2.010426e-04    1.005213e-03    2.595448e-04    1.297724e-03
2.583350e+09    1.030057e-01    1.119153e+20    1.995000e-04    9.975002e-04    2.575534e-04    1.287767e-03
2.615040e+09    1.029655e-01    1.102198e+20    1.979831e-04    9.899152e-04    2.555950e-04    1.277975e-03
2.646730e+09    1.029260e-01    1.085648e+20    1.964911e-04    9.824554e-04    2.536689e-04    1.268344e-03
2.678410e+09    1.028871e-01    1.069496e+20    1.950240e-04    9.751198e-04    2.517748e-04    1.258874e-03
2.710100e+09    1.028489e-01    1.053730e+20    1.935811e-04    9.679053e-04    2.499121e-04    1.249560e-03
2.741790e+09    1.028111e-01    1.038316e+20    1.921600e-04    9.608001e-04    2.480775e-04    1.240388e-03
2.773480e+09    1.027738e-01    1.023268e+20    1.907625e-04    9.538125e-04    2.462733e-04    1.231367e-03
2.805170e+09    1.027374e-01    1.008555e+20    1.893861e-04    9.469304e-04    2.444964e-04    1.222482e-03
2.836850e+09    1.027013e-01    9.941665e+19    1.880303e-04    9.401516e-04    2.427461e-04    1.213731e-03
2.868540e+09    1.026657e-01    9.801202e+19    1.866973e-04    9.334864e-04    2.410251e-04    1.205126e-03
2.900230e+09    1.026308e-01    9.664048e+19    1.853864e-04    9.269320e-04    2.393328e-04    1.196664e-03
2.931920e+09    1.025961e-01    9.530144e+19    1.840976e-04    9.204878e-04    2.376689e-04    1.188345e-03
2.963610e+09    1.025622e-01    9.398735e+19    1.828239e-04    9.141196e-04    2.360247e-04    1.180123e-03
2.995290e+09    1.025286e-01    9.270419e+19    1.815716e-04    9.078582e-04    2.344080e-04    1.172040e-03
3.026980e+09    1.024955e-01    9.147431e+19    1.803632e-04    9.018159e-04    2.328479e-04    1.164239e-03
3.058670e+09    1.024628e-01    9.060856e+19    1.795076e-04    8.975382e-04    2.317434e-04    1.158717e-03
3.090360e+09    1.024305e-01    8.975515e+19    1.786603e-04    8.933014e-04    2.306494e-04    1.153247e-03
3.122050e+09    1.023983e-01    8.891583e+19    1.778230e-04    8.891148e-04    2.295685e-04    1.147842e-03
3.153740e+09    1.023665e-01    8.808852e+19    1.769938e-04    8.849688e-04    2.284980e-04    1.142490e-03
3.185420e+09    1.023351e-01    8.727283e+19    1.761724e-04    8.808619e-04    2.274376e-04    1.137188e-03
3.217110e+09    1.023039e-01    8.646878e+19    1.753590e-04    8.767948e-04    2.263875e-04    1.131937e-03
3.248800e+09    1.022730e-01    8.567401e+19    1.745512e-04    8.727561e-04    2.253446e-04    1.126723e-03
3.280490e+09    1.022424e-01    8.489252e+19    1.737533e-04    8.687664e-04    2.243145e-04    1.121573e-03
3.312180e+09    1.022121e-01    8.412000e+19    1.729609e-04    8.648045e-04    2.232916e-04    1.116458e-03
3.343860e+09    1.021822e-01    8.336221e+19    1.721801e-04    8.609004e-04    2.222835e-04    1.111418e-03
3.375550e+09    1.021525e-01    8.261314e+19    1.714048e-04    8.570238e-04    2.212826e-04    1.106413e-03
3.407240e+09    1.021230e-01    8.187458e+19    1.706369e-04    8.531843e-04    2.202912e-04    1.101456e-03
3.438930e+09    1.020938e-01    8.114645e+19    1.698764e-04    8.493820e-04    2.193095e-04    1.096547e-03
3.470620e+09    1.020649e-01    8.042842e+19    1.691232e-04    8.456158e-04    2.183371e-04    1.091685e-03
3.502300e+09    1.020362e-01    7.971849e+19    1.683751e-04    8.418754e-04    2.173713e-04    1.086856e-03
3.533990e+09    1.020079e-01    7.902038e+19    1.676362e-04    8.381811e-04    2.164174e-04    1.082087e-03
3.565680e+09    1.019797e-01    7.833019e+19    1.669025e-04    8.345126e-04    2.154702e-04    1.077351e-03
3.597370e+09    1.019520e-01    7.764961e+19    1.661759e-04    8.308793e-04    2.145321e-04    1.072661e-03
3.629060e+09    1.019244e-01    7.697849e+19    1.654562e-04    8.272809e-04    2.136030e-04    1.068015e-03
3.660740e+09    1.018970e-01    7.631485e+19    1.647414e-04    8.237072e-04    2.126803e-04    1.063401e-03
3.692430e+09    1.018700e-01    7.566050e+19    1.640336e-04    8.201682e-04    2.117665e-04    1.058833e-03
3.724120e+09    1.018431e-01    7.501350e+19    1.633308e-04    8.166539e-04    2.108591e-04    1.054296e-03
3.755810e+09    1.018164e-01    7.437365e+19    1.626327e-04    8.131635e-04    2.099579e-04    1.049790e-03
3.787500e+09    1.017901e-01    7.374276e+19    1.619414e-04    8.097072e-04    2.090655e-04    1.045327e-03
3.819190e+09    1.017639e-01    7.312218e+19    1.612586e-04    8.062930e-04    2.081840e-04    1.040920e-03
3.850870e+09    1.017379e-01    7.250858e+19    1.605806e-04    8.029029e-04    2.073086e-04    1.036543e-03
3.882560e+09    1.017122e-01    7.190337e+19    1.599090e-04    7.995451e-04    2.064417e-04    1.032208e-03
3.914250e+09    1.016868e-01    7.130485e+19    1.592421e-04    7.962104e-04    2.055806e-04    1.027903e-03
3.945940e+09    1.016615e-01    7.071465e+19    1.585817e-04    7.929084e-04    2.047281e-04    1.023640e-03
3.977630e+09    1.016365e-01    7.013250e+19    1.579276e-04    7.896379e-04    2.038836e-04    1.019418e-03
4.009310e+09    1.016116e-01    6.955514e+19    1.572762e-04    7.863808e-04    2.030427e-04    1.015213e-03
4.041000e+09    1.015871e-01    6.898730e+19    1.566329e-04    7.831643e-04    2.022122e-04    1.011061e-03
4.072690e+09    1.015626e-01    6.842410e+19    1.559922e-04    7.799609e-04    2.013850e-04    1.006925e-03
4.104380e+09    1.015384e-01    6.786870e+19    1.553578e-04    7.767890e-04    2.005661e-04    1.002830e-03
4.136070e+09    1.015144e-01    6.732239e+19    1.547313e-04    7.736563e-04    1.997572e-04    9.987860e-04
4.167750e+09    1.014907e-01    6.678048e+19    1.541073e-04    7.705362e-04    1.989516e-04    9.947580e-04
4.199440e+09    1.014670e-01    6.624744e+19    1.534910e-04    7.674549e-04    1.981560e-04    9.907800e-04
4.231130e+09    1.014437e-01    6.572024e+19    1.528790e-04    7.643951e-04    1.973660e-04    9.868298e-04
4.262820e+09    1.014204e-01    6.519573e+19    1.522677e-04    7.613387e-04    1.965768e-04    9.828840e-04
4.294510e+09    1.013973e-01    6.467989e+19    1.516642e-04    7.583208e-04    1.957976e-04    9.789879e-04
4.326190e+09    1.013744e-01    6.416960e+19    1.510647e-04    7.553235e-04    1.950237e-04    9.751184e-04
4.357880e+09    1.013519e-01    6.366628e+19    1.504711e-04    7.523554e-04    1.942573e-04    9.712867e-04
4.389570e+09    1.013293e-01    6.316684e+19    1.498797e-04    7.493986e-04    1.934939e-04    9.674695e-04
4.421260e+09    1.013069e-01    6.267427e+19    1.492942e-04    7.464710e-04    1.927380e-04    9.636900e-04
4.452950e+09    1.012849e-01    6.218984e+19    1.487161e-04    7.435806e-04    1.919917e-04    9.599584e-04
4.484630e+09    1.012629e-01    6.170910e+19    1.481402e-04    7.407010e-04    1.912482e-04    9.562408e-04
4.516320e+09    1.012411e-01    6.123354e+19    1.475683e-04    7.378414e-04    1.905098e-04    9.525491e-04
4.548010e+09    1.012195e-01    6.076299e+19    1.470002e-04    7.350009e-04    1.897764e-04    9.488821e-04
4.579700e+09    1.011981e-01    6.030029e+19    1.464394e-04    7.321971e-04    1.890525e-04    9.452624e-04
4.611390e+09    1.011769e-01    5.984105e+19    1.458807e-04    7.294036e-04    1.883312e-04    9.416560e-04
4.643080e+09    1.011557e-01    5.938537e+19    1.453242e-04    7.266211e-04    1.876128e-04    9.380639e-04
4.674760e+09    1.011348e-01    5.893717e+19    1.447748e-04    7.238739e-04    1.869035e-04    9.345173e-04
4.706450e+09    1.011141e-01    5.849505e+19    1.442308e-04    7.211537e-04    1.862011e-04    9.310055e-04
4.738140e+09    1.010934e-01    5.805497e+19    1.436872e-04    7.184359e-04    1.854994e-04    9.274968e-04
4.769830e+09    1.010730e-01    5.762213e+19    1.431505e-04    7.157527e-04    1.848066e-04    9.240327e-04
4.801520e+09    1.010527e-01    5.719383e+19    1.426175e-04    7.130876e-04    1.841184e-04    9.205922e-04
4.833200e+09    1.010326e-01    5.676872e+19    1.420865e-04    7.104325e-04    1.834329e-04    9.171645e-04
4.864890e+09    1.010126e-01    5.634942e+19    1.415608e-04    7.078041e-04    1.827542e-04    9.137711e-04
4.896580e+09    1.009928e-01    5.593446e+19    1.410386e-04    7.051931e-04    1.820801e-04    9.104003e-04
4.928270e+09    1.009731e-01    5.552254e+19    1.405183e-04    7.025917e-04    1.814084e-04    9.070420e-04
4.959960e+09    1.009536e-01    5.511748e+19    1.400048e-04    7.000241e-04    1.807454e-04    9.037272e-04
4.991640e+09    1.009342e-01    5.471662e+19    1.394948e-04    6.974739e-04    1.800870e-04    9.004349e-04
5.023330e+09    1.009149e-01    5.431869e+19    1.389866e-04    6.949330e-04    1.794309e-04    8.971547e-04
5.055020e+09    1.008958e-01    5.392738e+19    1.384851e-04    6.924254e-04    1.787835e-04    8.939173e-04
5.086710e+09    1.008769e-01    5.353765e+19    1.379838e-04    6.899188e-04    1.781363e-04    8.906813e-04
5.118400e+09    1.008581e-01    5.315319e+19    1.374874e-04    6.874371e-04    1.774955e-04    8.874775e-04
5.150080e+09    1.008394e-01    5.277393e+19    1.369961e-04    6.849802e-04    1.768611e-04    8.843057e-04
5.181770e+09    1.008208e-01    5.239616e+19    1.365048e-04    6.825242e-04    1.762270e-04    8.811349e-04
5.213460e+09    1.008024e-01    5.202464e+19    1.360200e-04    6.801002e-04    1.756011e-04    8.780055e-04
5.245150e+09    1.007842e-01    5.165463e+19    1.355355e-04    6.776773e-04    1.749755e-04    8.748776e-04
5.276840e+09    1.007661e-01    5.129078e+19    1.350573e-04    6.752863e-04    1.743582e-04    8.717909e-04
5.308530e+09    1.007480e-01    5.092950e+19    1.345808e-04    6.729039e-04    1.737430e-04    8.687152e-04
5.340210e+09    1.007302e-01    5.057305e+19    1.341090e-04    6.705449e-04    1.731340e-04    8.656698e-04
5.371900e+09    1.007124e-01    5.021914e+19    1.336389e-04    6.681946e-04    1.725271e-04    8.626355e-04
5.403590e+09    1.006947e-01    4.987001e+19    1.331736e-04    6.658678e-04    1.719263e-04    8.596317e-04
5.435280e+09    1.006773e-01    4.952554e+19    1.327128e-04    6.635641e-04    1.713315e-04    8.566576e-04
5.466970e+09    1.006599e-01    4.918236e+19    1.322522e-04    6.612611e-04    1.707369e-04    8.536844e-04
5.498650e+09    1.006427e-01    4.884489e+19    1.317977e-04    6.589885e-04    1.701501e-04    8.507506e-04
5.530340e+09    1.006256e-01    4.850866e+19    1.313433e-04    6.567166e-04    1.695635e-04    8.478174e-04
5.562030e+09    1.006086e-01    4.817693e+19    1.308934e-04    6.544671e-04    1.689827e-04    8.449135e-04
5.593720e+09    1.005917e-01    4.784751e+19    1.304452e-04    6.522258e-04    1.684040e-04    8.420199e-04
5.625410e+09    1.005749e-01    4.752358e+19    1.300029e-04    6.500143e-04    1.678330e-04    8.391648e-04
5.657090e+09    1.005582e-01    4.720080e+19    1.295606e-04    6.478031e-04    1.672620e-04    8.363102e-04
5.688780e+09    1.005418e-01    4.688234e+19    1.291228e-04    6.456140e-04    1.666968e-04    8.334841e-04
5.720470e+09    1.005253e-01    4.656709e+19    1.286879e-04    6.434397e-04    1.661354e-04    8.306771e-04
5.752160e+09    1.005091e-01    4.625508e+19    1.282561e-04    6.412805e-04    1.655779e-04    8.278895e-04
5.783850e+09    1.004928e-01    4.594511e+19    1.278256e-04    6.391282e-04    1.650222e-04    8.251109e-04
5.815530e+09    1.004767e-01    4.564037e+19    1.274010e-04    6.370051e-04    1.644740e-04    8.223700e-04
5.847220e+09    1.004609e-01    4.533870e+19    1.269793e-04    6.348964e-04    1.639295e-04    8.196477e-04
5.878910e+09    1.004450e-01    4.503907e+19    1.265590e-04    6.327950e-04    1.633870e-04    8.169348e-04
5.910600e+09    1.004293e-01    4.474344e+19    1.261430e-04    6.307148e-04    1.628499e-04    8.142493e-04
5.942290e+09    1.004136e-01    4.444975e+19    1.257283e-04    6.286414e-04    1.623145e-04    8.115725e-04
5.973980e+09    1.003981e-01    4.415900e+19    1.253164e-04    6.265820e-04    1.617828e-04    8.089139e-04
6.005660e+09    1.003826e-01    4.387016e+19    1.249059e-04    6.245294e-04    1.612528e-04    8.062640e-04
6.037350e+09    1.003674e-01    4.358521e+19    1.244996e-04    6.224979e-04    1.607283e-04    8.036413e-04
6.069040e+09    1.003522e-01    4.330312e+19    1.240960e-04    6.204801e-04    1.602073e-04    8.010364e-04
6.100730e+09    1.003371e-01    4.302384e+19    1.236952e-04    6.184760e-04    1.596898e-04    7.984491e-04
6.132420e+09    1.003220e-01    4.274636e+19    1.232957e-04    6.164784e-04    1.591741e-04    7.958702e-04
6.164100e+09    1.003070e-01    4.247263e+19    1.229003e-04    6.145014e-04    1.586636e-04    7.933179e-04
6.195790e+09    1.002922e-01    4.220065e+19    1.225062e-04    6.125308e-04    1.581548e-04    7.907738e-04
6.227480e+09    1.002776e-01    4.193332e+19    1.221175e-04    6.105875e-04    1.576530e-04    7.882651e-04
6.259170e+09    1.002629e-01    4.166672e+19    1.217287e-04    6.086435e-04    1.571511e-04    7.857553e-04
6.290860e+09    1.002484e-01    4.140372e+19    1.213439e-04    6.067196e-04    1.566543e-04    7.832716e-04
6.322540e+09    1.002341e-01    4.114239e+19    1.209604e-04    6.048018e-04    1.561592e-04    7.807957e-04
6.354230e+09    1.002197e-01    4.088454e+19    1.205807e-04    6.029036e-04    1.556690e-04    7.783452e-04
6.385920e+09    1.002055e-01    4.062835e+19    1.202023e-04    6.010117e-04    1.551806e-04    7.759027e-04
6.417610e+09    1.001912e-01    4.037563e+19    1.198279e-04    5.991395e-04    1.546972e-04    7.734858e-04
6.449300e+09    1.001772e-01    4.012448e+19    1.194547e-04    5.972732e-04    1.542153e-04    7.710764e-04
6.480980e+09    1.001632e-01    3.987670e+19    1.190852e-04    5.954261e-04    1.537384e-04    7.686918e-04
6.512670e+09    1.001494e-01    3.962956e+19    1.187156e-04    5.935782e-04    1.532612e-04    7.663062e-04
6.544360e+09    1.001356e-01    3.938669e+19    1.183513e-04    5.917565e-04    1.527909e-04    7.639544e-04
6.576050e+09    1.001218e-01    3.914436e+19    1.179867e-04    5.899333e-04    1.523201e-04    7.616006e-04
6.607740e+09    1.001083e-01    3.890625e+19    1.176273e-04    5.881363e-04    1.518561e-04    7.592808e-04
6.639420e+09    1.000948e-01    3.866955e+19    1.172689e-04    5.863445e-04    1.513935e-04    7.569676e-04
6.671110e+09    1.000815e-01    3.843522e+19    1.169131e-04    5.845652e-04    1.509341e-04    7.546705e-04
6.702800e+09    1.000681e-01    3.820315e+19    1.165596e-04    5.827978e-04    1.504777e-04    7.523887e-04
6.734490e+09    1.000547e-01    3.797252e+19    1.162072e-04    5.810360e-04    1.500228e-04    7.501142e-04
6.766180e+09    1.000417e-01    3.774498e+19    1.158585e-04    5.792925e-04    1.495727e-04    7.478634e-04
6.797870e+09    1.000285e-01    3.751884e+19    1.155109e-04    5.775546e-04    1.491240e-04    7.456198e-04
6.829550e+09    1.000155e-01    3.729574e+19    1.151670e-04    5.758348e-04    1.486799e-04    7.433996e-04
6.861240e+09    1.000026e-01    3.707312e+19    1.148227e-04    5.741136e-04    1.482355e-04    7.411775e-04
6.892930e+09    9.998966e-02    3.685440e+19    1.144835e-04    5.724176e-04    1.477976e-04    7.389880e-04
6.924620e+09    9.997686e-02    3.663694e+19    1.141453e-04    5.707264e-04    1.473609e-04    7.368046e-04
6.956310e+09    9.996423e-02    3.642161e+19    1.138093e-04    5.690467e-04    1.469272e-04    7.346361e-04
6.987990e+09    9.995158e-02    3.620758e+19    1.134744e-04    5.673722e-04    1.464949e-04    7.324744e-04
7.019680e+09    9.993908e-02    3.599642e+19    1.131431e-04    5.657154e-04    1.460671e-04    7.303354e-04
7.051370e+09    9.992658e-02    3.578650e+19    1.128127e-04    5.640634e-04    1.456405e-04    7.282027e-04
7.083060e+09    9.991422e-02    3.557862e+19    1.124846e-04    5.624227e-04    1.452169e-04    7.260846e-04
7.114750e+09    9.990187e-02    3.537199e+19    1.121574e-04    5.607872e-04    1.447946e-04    7.239731e-04
7.146430e+09    9.988965e-02    3.516814e+19    1.118338e-04    5.591689e-04    1.443768e-04    7.218840e-04
7.178120e+09    9.987744e-02    3.496547e+19    1.115111e-04    5.575554e-04    1.439602e-04    7.198009e-04
7.209810e+09    9.986537e-02    3.476557e+19    1.111919e-04    5.559593e-04    1.435481e-04    7.177403e-04
7.241500e+09    9.985331e-02    3.456681e+19    1.108736e-04    5.543677e-04    1.431371e-04    7.156857e-04
7.273190e+09    9.984138e-02    3.436998e+19    1.105574e-04    5.527871e-04    1.427290e-04    7.136451e-04
7.304870e+09    9.982945e-02    3.417506e+19    1.102435e-04    5.512174e-04    1.423237e-04    7.116186e-04
7.336560e+09    9.981767e-02    3.398202e+19    1.099317e-04    5.496585e-04    1.419212e-04    7.096060e-04
7.368250e+09    9.980589e-02    3.379008e+19    1.096208e-04    5.481039e-04    1.415198e-04    7.075991e-04
7.399940e+09    9.979425e-02    3.360077e+19    1.093133e-04    5.465664e-04    1.411228e-04    7.056142e-04
7.431630e+09    9.978261e-02    3.341252e+19    1.090066e-04    5.450332e-04    1.407270e-04    7.036348e-04
7.463320e+09    9.977112e-02    3.322610e+19    1.087021e-04    5.435105e-04    1.403338e-04    7.016691e-04
7.495000e+09    9.975963e-02    3.304147e+19    1.083997e-04    5.419984e-04    1.399434e-04    6.997169e-04
7.526690e+09    9.974827e-02    3.285863e+19    1.080993e-04    5.404967e-04    1.395556e-04    6.977782e-04
7.558380e+09    9.973692e-02    3.267604e+19    1.077986e-04    5.389929e-04    1.391674e-04    6.958369e-04
7.590070e+09    9.972572e-02    3.249669e+19    1.075023e-04    5.375116e-04    1.387849e-04    6.939245e-04
7.621760e+09    9.971437e-02    3.231760e+19    1.072057e-04    5.360285e-04    1.384020e-04    6.920098e-04
7.653440e+09    9.970331e-02    3.214099e+19    1.069124e-04    5.345618e-04    1.380233e-04    6.901164e-04
7.685130e+09    9.969224e-02    3.196534e+19    1.066198e-04    5.330992e-04    1.376456e-04    6.882281e-04
7.716820e+09    9.968118e-02    3.179212e+19    1.063306e-04    5.316528e-04    1.372721e-04    6.863608e-04
7.748510e+09    9.967026e-02    3.161908e+19    1.060408e-04    5.302039e-04    1.368981e-04    6.844903e-04
7.780200e+09    9.965934e-02    3.144918e+19    1.057555e-04    5.287775e-04    1.365298e-04    6.826488e-04
7.811880e+09    9.964857e-02    3.127876e+19    1.054686e-04    5.273428e-04    1.361593e-04    6.807967e-04
7.843570e+09    9.963779e-02    3.111209e+19    1.051872e-04    5.259360e-04    1.357961e-04    6.789804e-04
7.875260e+09    9.962701e-02    3.094492e+19    1.049042e-04    5.245211e-04    1.354308e-04    6.771539e-04
7.906950e+09    9.961638e-02    3.078006e+19    1.046244e-04    5.231221e-04    1.350696e-04    6.753477e-04
7.938640e+09    9.960574e-02    3.061605e+19    1.043453e-04    5.217265e-04    1.347092e-04    6.735461e-04
7.970320e+09    9.959525e-02    3.045436e+19    1.040694e-04    5.203470e-04    1.343530e-04    6.717650e-04
8.002010e+09    9.958477e-02    3.029278e+19    1.037930e-04    5.189648e-04    1.339961e-04    6.699807e-04
8.033700e+09    9.957442e-02    3.013349e+19    1.035197e-04    5.175985e-04    1.336434e-04    6.682168e-04
8.065390e+09    9.956394e-02    2.997431e+19    1.032459e-04    5.162296e-04    1.332899e-04    6.664495e-04
8.097080e+09    9.955374e-02    2.981806e+19    1.029765e-04    5.148823e-04    1.329421e-04    6.647102e-04
8.128770e+09    9.954353e-02    2.966260e+19    1.027077e-04    5.135384e-04    1.325950e-04    6.629752e-04
8.160450e+09    9.953333e-02    2.950866e+19    1.024408e-04    5.122041e-04    1.322505e-04    6.612526e-04
8.192140e+09    9.952327e-02    2.935548e+19    1.021746e-04    5.108730e-04    1.319068e-04    6.595341e-04
8.223830e+09    9.951308e-02    2.920381e+19    1.019103e-04    5.095515e-04    1.315656e-04    6.578281e-04
8.255520e+09    9.950316e-02    2.905289e+19    1.016466e-04    5.082331e-04    1.312252e-04    6.561261e-04
8.287210e+09    9.949310e-02    2.890341e+19    1.013848e-04    5.069240e-04    1.308872e-04    6.544361e-04
8.318890e+09    9.948319e-02    2.875606e+19    1.011260e-04    5.056302e-04    1.305532e-04    6.527658e-04
8.350580e+09    9.947342e-02    2.860878e+19    1.008667e-04    5.043337e-04    1.302184e-04    6.510920e-04
8.382270e+09    9.946350e-02    2.846356e+19    1.006104e-04    5.030520e-04    1.298875e-04    6.494374e-04
8.413960e+09    9.945373e-02    2.831910e+19    1.003548e-04    5.017739e-04    1.295575e-04    6.477873e-04
8.445650e+09    9.944411e-02    2.817535e+19    1.000998e-04    5.004987e-04    1.292282e-04    6.461411e-04
8.477330e+09    9.943448e-02    2.803362e+19    9.984767e-05    4.992383e-04    1.289028e-04    6.445139e-04
8.509020e+09    9.942485e-02    2.789261e+19    9.959623e-05    4.979811e-04    1.285782e-04    6.428909e-04
8.540710e+09    9.941523e-02    2.775233e+19    9.934547e-05    4.967273e-04    1.282544e-04    6.412722e-04
8.572400e+09    9.940575e-02    2.761400e+19    9.909757e-05    4.954879e-04    1.279344e-04    6.396721e-04
8.604090e+09    9.939627e-02    2.747573e+19    9.884916e-05    4.942458e-04    1.276137e-04    6.380685e-04
8.635770e+09    9.938692e-02    2.733942e+19    9.860364e-05    4.930182e-04    1.272968e-04    6.364837e-04
8.667460e+09    9.937759e-02    2.720942e+19    9.836893e-05    4.918446e-04    1.269937e-04    6.349687e-04
8.699150e+09    9.936825e-02    2.710875e+19    9.818679e-05    4.909339e-04    1.267586e-04    6.337930e-04
8.730840e+09    9.935905e-02    2.700842e+19    9.800493e-05    4.900246e-04    1.265238e-04    6.326191e-04
8.762530e+09    9.934986e-02    2.690849e+19    9.782346e-05    4.891173e-04    1.262895e-04    6.314477e-04
8.794210e+09    9.934066e-02    2.680891e+19    9.764227e-05    4.882114e-04    1.260556e-04    6.302782e-04
8.825900e+09    9.933146e-02    2.671034e+19    9.746260e-05    4.873130e-04    1.258237e-04    6.291184e-04
8.857590e+09    9.932242e-02    2.661210e+19    9.728320e-05    4.864160e-04    1.255921e-04    6.279604e-04
8.889280e+09    9.931336e-02    2.651424e+19    9.710418e-05    4.855209e-04    1.253610e-04    6.268048e-04
8.920970e+09    9.930431e-02    2.641676e+19    9.692550e-05    4.846275e-04    1.251303e-04    6.256514e-04
8.952660e+09    9.929526e-02    2.632020e+19    9.674821e-05    4.837410e-04    1.249014e-04    6.245070e-04
8.984340e+09    9.928635e-02    2.622403e+19    9.657129e-05    4.828564e-04    1.246730e-04    6.233650e-04
9.016030e+09    9.927744e-02    2.612878e+19    9.639576e-05    4.819788e-04    1.244464e-04    6.222319e-04
9.047720e+09    9.926853e-02    2.603391e+19    9.622060e-05    4.811030e-04    1.242203e-04    6.211013e-04
9.079410e+09    9.925962e-02    2.593936e+19    9.604570e-05    4.802285e-04    1.239945e-04    6.199723e-04
9.111100e+09    9.925086e-02    2.584577e+19    9.587228e-05    4.793614e-04    1.237706e-04    6.188529e-04
9.142780e+09    9.924195e-02    2.575190e+19    9.569801e-05    4.784901e-04    1.235456e-04    6.177280e-04
9.174470e+09    9.923319e-02    2.565898e+19    9.552522e-05    4.776261e-04    1.233225e-04    6.166126e-04
9.206160e+09    9.922457e-02    2.556697e+19    9.535379e-05    4.767689e-04    1.231012e-04    6.155060e-04
9.237850e+09    9.921580e-02    2.547529e+19    9.518266e-05    4.759133e-04    1.228803e-04    6.144014e-04
9.269540e+09    9.920719e-02    2.538337e+19    9.501080e-05    4.750540e-04    1.226584e-04    6.132921e-04
9.301220e+09    9.919857e-02    2.529293e+19    9.484138e-05    4.742069e-04    1.224397e-04    6.121985e-04
9.332910e+09    9.918994e-02    2.520225e+19    9.467123e-05    4.733561e-04    1.222200e-04    6.111001e-04
9.364600e+09    9.918132e-02    2.511304e+19    9.450351e-05    4.725175e-04    1.220035e-04    6.100175e-04
9.396290e+09    9.917285e-02    2.502358e+19    9.433504e-05    4.716752e-04    1.217860e-04    6.089301e-04
9.427980e+09    9.916437e-02    2.493442e+19    9.416683e-05    4.708341e-04    1.215689e-04    6.078443e-04
9.459660e+09    9.915589e-02    2.484615e+19    9.400000e-05    4.700000e-04    1.213535e-04    6.067674e-04
9.491350e+09    9.914742e-02    2.475822e+19    9.383352e-05    4.691676e-04    1.211386e-04    6.056928e-04
9.523040e+09    9.913893e-02    2.467057e+19    9.366728e-05    4.683364e-04    1.209239e-04    6.046197e-04
9.554730e+09    9.913060e-02    2.458326e+19    9.350139e-05    4.675069e-04    1.207098e-04    6.035489e-04
9.586420e+09    9.912227e-02    2.449680e+19    9.333681e-05    4.666841e-04    1.204973e-04    6.024866e-04
9.618110e+09    9.911394e-02    2.441064e+19    9.317253e-05    4.658626e-04    1.202852e-04    6.014261e-04
9.649790e+09    9.910575e-02    2.432481e+19    9.300859e-05    4.650429e-04    1.200736e-04    6.003678e-04
9.681480e+09    9.909742e-02    2.423981e+19    9.284595e-05    4.642297e-04    1.198636e-04    5.993180e-04
9.713170e+09    9.908922e-02    2.415512e+19    9.268360e-05    4.634180e-04    1.196540e-04    5.982701e-04
9.744860e+09    9.908103e-02    2.407074e+19    9.252158e-05    4.626079e-04    1.194448e-04    5.972242e-04
9.776550e+09    9.907285e-02    2.398719e+19    9.236086e-05    4.618043e-04    1.192374e-04    5.961868e-04
9.808230e+09    9.906480e-02    2.390392e+19    9.220042e-05    4.610021e-04    1.190302e-04    5.951512e-04
9.839920e+09    9.905661e-02    2.382097e+19    9.204031e-05    4.602015e-04    1.188235e-04    5.941176e-04
9.871610e+09    9.904856e-02    2.373829e+19    9.188043e-05    4.594021e-04    1.186171e-04    5.930856e-04
9.903300e+09    9.904051e-02    2.365643e+19    9.172188e-05    4.586094e-04    1.184124e-04    5.920622e-04
9.934990e+09    9.903247e-02    2.357486e+19    9.156360e-05    4.578180e-04    1.182081e-04    5.910405e-04
9.966670e+09    9.902457e-02    2.349359e+19    9.140565e-05    4.570282e-04    1.180042e-04    5.900209e-04
9.998360e+09    9.901653e-02    2.341312e+19    9.124897e-05    4.562448e-04    1.178019e-04    5.890096e-04
1.003010e+10    9.900862e-02    2.333239e+19    9.109151e-05    4.554576e-04    1.175986e-04    5.879932e-04
1.006170e+10    9.900072e-02    2.325300e+19    9.093642e-05    4.546821e-04    1.173984e-04    5.869921e-04
1.009340e+10    9.899282e-02    2.317338e+19    9.078060e-05    4.539030e-04    1.171973e-04    5.859862e-04
1.012510e+10    9.898506e-02    2.309401e+19    9.062500e-05    4.531250e-04    1.169964e-04    5.849818e-04
1.015680e+10    9.897730e-02    2.301544e+19    9.047070e-05    4.523535e-04    1.167972e-04    5.839858e-04
1.018850e+10    9.896954e-02    2.293714e+19    9.031667e-05    4.515833e-04    1.165983e-04    5.829916e-04
1.022020e+10    9.896164e-02    2.285912e+19    9.016294e-05    4.508147e-04    1.163999e-04    5.819993e-04
1.025190e+10    9.895402e-02    2.278187e+19    9.001047e-05    4.500524e-04    1.162030e-04    5.810151e-04
1.028360e+10    9.894627e-02    2.270489e+19    8.985826e-05    4.492913e-04    1.160065e-04    5.800325e-04
1.031520e+10    9.893865e-02    2.262816e+19    8.970630e-05    4.485315e-04    1.158103e-04    5.790517e-04
1.034690e+10    9.893089e-02    2.255169e+19    8.955460e-05    4.477730e-04    1.156145e-04    5.780724e-04
1.037860e+10    9.892342e-02    2.247600e+19    8.940419e-05    4.470209e-04    1.154203e-04    5.771015e-04
1.041030e+10    9.891580e-02    2.240008e+19    8.925305e-05    4.462652e-04    1.152252e-04    5.761259e-04
1.044200e+10    9.890819e-02    2.232541e+19    8.910417e-05    4.455208e-04    1.150330e-04    5.751649e-04
1.047370e+10    9.890058e-02    2.224996e+19    8.895349e-05    4.447674e-04    1.148385e-04    5.741923e-04
1.050540e+10    9.889310e-02    2.217580e+19    8.880511e-05    4.440255e-04    1.146469e-04    5.732345e-04
1.053710e+10    9.888563e-02    2.210188e+19    8.865697e-05    4.432849e-04    1.144557e-04    5.722783e-04
1.056870e+10    9.887816e-02    2.202821e+19    8.850909e-05    4.425455e-04    1.142648e-04    5.713237e-04
1.060040e+10    9.887069e-02    2.195478e+19    8.836145e-05    4.418073e-04    1.140742e-04    5.703707e-04
1.063210e+10    9.886336e-02    2.188213e+19    8.821513e-05    4.410756e-04    1.138852e-04    5.694262e-04
1.066380e+10    9.885603e-02    2.180918e+19    8.806798e-05    4.403399e-04    1.136953e-04    5.684764e-04
1.069550e+10    9.884871e-02    2.173749e+19    8.792310e-05    4.396155e-04    1.135082e-04    5.675412e-04
1.072720e+10    9.884123e-02    2.166553e+19    8.777746e-05    4.388873e-04    1.133202e-04    5.666011e-04
1.075890e+10    9.883405e-02    2.159431e+19    8.763306e-05    4.381653e-04    1.131338e-04    5.656690e-04
1.079060e+10    9.882673e-02    2.152282e+19    8.748789e-05    4.374395e-04    1.129464e-04    5.647319e-04
1.082230e+10    9.881954e-02    2.145257e+19    8.734498e-05    4.367249e-04    1.127619e-04    5.638094e-04
1.085390e+10    9.881221e-02    2.138155e+19    8.720029e-05    4.360014e-04    1.125751e-04    5.628754e-04
1.088560e+10    9.880503e-02    2.131224e+19    8.705885e-05    4.352942e-04    1.123925e-04    5.619624e-04
1.091730e+10    9.879784e-02    2.124218e+19    8.691563e-05    4.345782e-04    1.122076e-04    5.610380e-04
1.094900e+10    9.879066e-02    2.117284e+19    8.677365e-05    4.338683e-04    1.120243e-04    5.601215e-04
1.098070e+10    9.878362e-02    2.110372e+19    8.663191e-05    4.331595e-04    1.118413e-04    5.592065e-04
1.101240e+10    9.877644e-02    2.103532e+19    8.649139e-05    4.324569e-04    1.116599e-04    5.582995e-04
1.104410e+10    9.876940e-02    2.096665e+19    8.635010e-05    4.317505e-04    1.114775e-04    5.573875e-04
1.107580e+10    9.876236e-02    2.089917e+19    8.621104e-05    4.310552e-04    1.112980e-04    5.564899e-04
1.110740e+10    9.875532e-02    2.083095e+19    8.607021e-05    4.303510e-04    1.111162e-04    5.555808e-04
1.113910e+10    9.874828e-02    2.076391e+19    8.593159e-05    4.296580e-04    1.109372e-04    5.546860e-04
1.117080e+10    9.874124e-02    2.069660e+19    8.579221e-05    4.289610e-04    1.107573e-04    5.537863e-04
1.120250e+10    9.873434e-02    2.062999e+19    8.565404e-05    4.282702e-04    1.105789e-04    5.528945e-04
1.123420e+10    9.872744e-02    2.056360e+19    8.551609e-05    4.275805e-04    1.104008e-04    5.520040e-04
1.126590e+10    9.872054e-02    2.049742e+19    8.537837e-05    4.268919e-04    1.102230e-04    5.511150e-04
1.129760e+10    9.871365e-02    2.043145e+19    8.524087e-05    4.262043e-04    1.100455e-04    5.502274e-04
1.132930e+10    9.870675e-02    2.036663e+19    8.510555e-05    4.255277e-04    1.098708e-04    5.493540e-04
1.136090e+10    9.869986e-02    2.030108e+19    8.496849e-05    4.248424e-04    1.096939e-04    5.484692e-04
1.139260e+10    9.869311e-02    2.023621e+19    8.483262e-05    4.241631e-04    1.095184e-04    5.475922e-04
1.142430e+10    9.868620e-02    2.017154e+19    8.469697e-05    4.234849e-04    1.093433e-04    5.467166e-04
1.145600e+10    9.867945e-02    2.010755e+19    8.456252e-05    4.228126e-04    1.091697e-04    5.458487e-04
1.148770e+10    9.867270e-02    2.004330e+19    8.442730e-05    4.221365e-04    1.089952e-04    5.449759e-04
1.151940e+10    9.866609e-02    1.998018e+19    8.429425e-05    4.214713e-04    1.088234e-04    5.441171e-04
1.155110e+10    9.865934e-02    1.991679e+19    8.416044e-05    4.208022e-04    1.086507e-04    5.432533e-04
1.158280e+10    9.865259e-02    1.985406e+19    8.402780e-05    4.201390e-04    1.084794e-04    5.423971e-04
1.161450e+10    9.864598e-02    1.979108e+19    8.389441e-05    4.194720e-04    1.083072e-04    5.415361e-04
1.164610e+10    9.863937e-02    1.972874e+19    8.376219e-05    4.188110e-04    1.081365e-04    5.406826e-04
1.167780e+10    9.863261e-02    1.966661e+19    8.363018e-05    4.181509e-04    1.079661e-04    5.398305e-04
1.170950e+10    9.862615e-02    1.960510e+19    8.349930e-05    4.174965e-04    1.077971e-04    5.389857e-04
1.174120e+10    9.861954e-02    1.954290e+19    8.336675e-05    4.168337e-04    1.076260e-04    5.381300e-04
1.177290e+10    9.861293e-02    1.948225e+19    8.323729e-05    4.161864e-04    1.074589e-04    5.372944e-04
1.180460e+10    9.860646e-02    1.942090e+19    8.310611e-05    4.155305e-04    1.072895e-04    5.364476e-04
1.183630e+10    9.860000e-02    1.936062e+19    8.297704e-05    4.148852e-04    1.071229e-04    5.356145e-04
1.186800e+10    9.859339e-02    1.930009e+19    8.284723e-05    4.142362e-04    1.069553e-04    5.347766e-04
1.189960e+10    9.858692e-02    1.924019e+19    8.271857e-05    4.135929e-04    1.067892e-04    5.339461e-04
1.193130e+10    9.858046e-02    1.918004e+19    8.258916e-05    4.129458e-04    1.066221e-04    5.331107e-04
1.196300e+10    9.857414e-02    1.912093e+19    8.246181e-05    4.123090e-04    1.064577e-04    5.322887e-04
1.199470e+10    9.856767e-02    1.906115e+19    8.233280e-05    4.116640e-04    1.062912e-04    5.314560e-04
1.202640e+10    9.856135e-02    1.900244e+19    8.220589e-05    4.110294e-04    1.061274e-04    5.306367e-04
1.205810e+10    9.855503e-02    1.894390e+19    8.207918e-05    4.103959e-04    1.059638e-04    5.298188e-04
1.208980e+10    9.854871e-02    1.888598e+19    8.195360e-05    4.097680e-04    1.058016e-04    5.290082e-04
1.212150e+10    9.854238e-02    1.882778e+19    8.182723e-05    4.091361e-04    1.056385e-04    5.281925e-04
1.215320e+10    9.853606e-02    1.876978e+19    8.170110e-05    4.085055e-04    1.054757e-04    5.273783e-04
1.218480e+10    9.852974e-02    1.871196e+19    8.157516e-05    4.078758e-04    1.053131e-04    5.265654e-04
1.221650e+10    9.852342e-02    1.865475e+19    8.145036e-05    4.072518e-04    1.051520e-04    5.257598e-04
1.224820e+10    9.851725e-02    1.859771e+19    8.132574e-05    4.066287e-04    1.049911e-04    5.249554e-04
1.227990e+10    9.851107e-02    1.854082e+19    8.120127e-05    4.060064e-04    1.048304e-04    5.241520e-04
1.231160e+10    9.850474e-02    1.848414e+19    8.107704e-05    4.053852e-04    1.046700e-04    5.233501e-04
1.234330e+10    9.849856e-02    1.842762e+19    8.095300e-05    4.047650e-04    1.045099e-04    5.225494e-04
1.237500e+10    9.849239e-02    1.837170e+19    8.083008e-05    4.041504e-04    1.043512e-04    5.217559e-04
1.240670e+10    9.848635e-02    1.831595e+19    8.070734e-05    4.035367e-04    1.041927e-04    5.209637e-04
1.243830e+10    9.848017e-02    1.826035e+19    8.058475e-05    4.029238e-04    1.040345e-04    5.201723e-04
1.247000e+10    9.847414e-02    1.820494e+19    8.046239e-05    4.023119e-04    1.038765e-04    5.193825e-04
1.250170e+10    9.846796e-02    1.814970e+19    8.034022e-05    4.017011e-04    1.037188e-04    5.185939e-04
1.253340e+10    9.846193e-02    1.809504e+19    8.021915e-05    4.010957e-04    1.035625e-04    5.178124e-04
1.256510e+10    9.845589e-02    1.804011e+19    8.009730e-05    4.004865e-04    1.034052e-04    5.170258e-04
1.259680e+10    9.844985e-02    1.798578e+19    7.997660e-05    3.998830e-04    1.032493e-04    5.162467e-04
1.262850e+10    9.844382e-02    1.793161e+19    7.985608e-05    3.992804e-04    1.030938e-04    5.154688e-04
1.266020e+10    9.843779e-02    1.787802e+19    7.973667e-05    3.986833e-04    1.029396e-04    5.146980e-04
1.269180e+10    9.843190e-02    1.782416e+19    7.961647e-05    3.980823e-04    1.027844e-04    5.139221e-04
1.272350e+10    9.842587e-02    1.777090e+19    7.949741e-05    3.974870e-04    1.026307e-04    5.131535e-04
1.275520e+10    9.841997e-02    1.771779e+19    7.937853e-05    3.968926e-04    1.024772e-04    5.123862e-04
1.278690e+10    9.841408e-02    1.766482e+19    7.925978e-05    3.962989e-04    1.023239e-04    5.116197e-04
1.281860e+10    9.840819e-02    1.761243e+19    7.914217e-05    3.957108e-04    1.021721e-04    5.108605e-04
1.285030e+10    9.840230e-02    1.755979e+19    7.902382e-05    3.951191e-04    1.020193e-04    5.100966e-04
1.288200e+10    9.839641e-02    1.750770e+19    7.890651e-05    3.945326e-04    1.018679e-04    5.093394e-04
1.291370e+10    9.839052e-02    1.745578e+19    7.878943e-05    3.939471e-04    1.017167e-04    5.085836e-04
1.294540e+10    9.838477e-02    1.740401e+19    7.867251e-05    3.933625e-04    1.015658e-04    5.078289e-04
1.297700e+10    9.837902e-02    1.735238e+19    7.855573e-05    3.927786e-04    1.014150e-04    5.070750e-04
1.300870e+10    9.837314e-02    1.730132e+19    7.844006e-05    3.922003e-04    1.012657e-04    5.063284e-04
1.304040e+10    9.836738e-02    1.725041e+19    7.832457e-05    3.916229e-04    1.011166e-04    5.055829e-04
1.307210e+10    9.836164e-02    1.719923e+19    7.820830e-05    3.910415e-04    1.009665e-04    5.048324e-04
1.310380e+10    9.835589e-02    1.714862e+19    7.809315e-05    3.904657e-04    1.008178e-04    5.040891e-04
1.313550e+10    9.835015e-02    1.709816e+19    7.797817e-05    3.898908e-04    1.006694e-04    5.033469e-04
1.316720e+10    9.834454e-02    1.704822e+19    7.786421e-05    3.893210e-04    1.005223e-04    5.026113e-04
1.319890e+10    9.833880e-02    1.699806e+19    7.774957e-05    3.887478e-04    1.003743e-04    5.018713e-04
1.323050e+10    9.833319e-02    1.694843e+19    7.763598e-05    3.881799e-04    1.002276e-04    5.011381e-04
1.326220e+10    9.832744e-02    1.689854e+19    7.752163e-05    3.876082e-04    1.000800e-04    5.004000e-04
1.329390e+10    9.832184e-02    1.684959e+19    7.740928e-05    3.870464e-04    9.993495e-05    4.996747e-04
1.332560e+10    9.831623e-02    1.679999e+19    7.729526e-05    3.864763e-04    9.978775e-05    4.989387e-04
1.335730e+10    9.831063e-02    1.675133e+19    7.718323e-05    3.859161e-04    9.964312e-05    4.982156e-04
1.338900e+10    9.830503e-02    1.670242e+19    7.707048e-05    3.853524e-04    9.949756e-05    4.974878e-04
1.342070e+10    9.829942e-02    1.665402e+19    7.695873e-05    3.847937e-04    9.935330e-05    4.967665e-04
1.345240e+10    9.829397e-02    1.660578e+19    7.684719e-05    3.842360e-04    9.920930e-05    4.960465e-04
1.348410e+10    9.828836e-02    1.655766e+19    7.673577e-05    3.836788e-04    9.906545e-05    4.953273e-04
1.351570e+10    9.828290e-02    1.650970e+19    7.662455e-05    3.831228e-04    9.892188e-05    4.946094e-04
1.354740e+10    9.827744e-02    1.646226e+19    7.651438e-05    3.825719e-04    9.877964e-05    4.938982e-04
1.357910e+10    9.827184e-02    1.641456e+19    7.640344e-05    3.820172e-04    9.863642e-05    4.931821e-04
1.361080e+10    9.826652e-02    1.636777e+19    7.629446e-05    3.814723e-04    9.849573e-05    4.924786e-04
1.364250e+10    9.826092e-02    1.632034e+19    7.618385e-05    3.809192e-04    9.835292e-05    4.917646e-04
1.367420e+10    9.825560e-02    1.627382e+19    7.607518e-05    3.803759e-04    9.821264e-05    4.910632e-04
1.370590e+10    9.825014e-02    1.622703e+19    7.596576e-05    3.798288e-04    9.807137e-05    4.903569e-04
1.373760e+10    9.824483e-02    1.618078e+19    7.585741e-05    3.792870e-04    9.793149e-05    4.896575e-04
1.376920e+10    9.823937e-02    1.613426e+19    7.574829e-05    3.787415e-04    9.779063e-05    4.889531e-04
1.380090e+10    9.823405e-02    1.608827e+19    7.564025e-05    3.782013e-04    9.765115e-05    4.882557e-04
1.383260e+10    9.822859e-02    1.604239e+19    7.553232e-05    3.776616e-04    9.751181e-05    4.875590e-04
1.386430e+10    9.822328e-02    1.599703e+19    7.542546e-05    3.771273e-04    9.737385e-05    4.868692e-04
1.389600e+10    9.821796e-02    1.595106e+19    7.531701e-05    3.765850e-04    9.723384e-05    4.861692e-04
1.392770e+10    9.821264e-02    1.590630e+19    7.521127e-05    3.760564e-04    9.709734e-05    4.854867e-04
1.395940e+10    9.820733e-02    1.586096e+19    7.510400e-05    3.755200e-04    9.695884e-05    4.847942e-04
1.399110e+10    9.820215e-02    1.581609e+19    7.499770e-05    3.749885e-04    9.682161e-05    4.841080e-04
1.402270e+10    9.819684e-02    1.577137e+19    7.489159e-05    3.744580e-04    9.668463e-05    4.834231e-04
1.405440e+10    9.819167e-02    1.572676e+19    7.478559e-05    3.739280e-04    9.654778e-05    4.827389e-04
1.408610e+10    9.818635e-02    1.568229e+19    7.467979e-05    3.733989e-04    9.641119e-05    4.820559e-04
1.411780e+10    9.818118e-02    1.563829e+19    7.457495e-05    3.728747e-04    9.627584e-05    4.813792e-04
1.414950e+10    9.817601e-02    1.559407e+19    7.446944e-05    3.723472e-04    9.613963e-05    4.806981e-04
1.418120e+10    9.817084e-02    1.555068e+19    7.436575e-05    3.718287e-04    9.600577e-05    4.800288e-04
1.421290e+10    9.816566e-02    1.550670e+19    7.426053e-05    3.713027e-04    9.586994e-05    4.793497e-04
1.424460e+10    9.816049e-02    1.546355e+19    7.415714e-05    3.707857e-04    9.573645e-05    4.786823e-04
1.427630e+10    9.815531e-02    1.541981e+19    7.405218e-05    3.702609e-04    9.560095e-05    4.780048e-04
1.430790e+10    9.815029e-02    1.537727e+19    7.394997e-05    3.697498e-04    9.546900e-05    4.773450e-04
1.433960e+10    9.814512e-02    1.533413e+19    7.384615e-05    3.692307e-04    9.533497e-05    4.766748e-04
1.437130e+10    9.814009e-02    1.529148e+19    7.374337e-05    3.687169e-04    9.520229e-05    4.760114e-04
1.440300e+10    9.813492e-02    1.524857e+19    7.363985e-05    3.681993e-04    9.506864e-05    4.753432e-04
1.443470e+10    9.812988e-02    1.520650e+19    7.353820e-05    3.676910e-04    9.493741e-05    4.746871e-04
1.446640e+10    9.812486e-02    1.516419e+19    7.343582e-05    3.671791e-04    9.480523e-05    4.740262e-04
1.449810e+10    9.811983e-02    1.512236e+19    7.333445e-05    3.666723e-04    9.467437e-05    4.733719e-04
1.452980e+10    9.811480e-02    1.508028e+19    7.323235e-05    3.661617e-04    9.454255e-05    4.727128e-04
1.456140e+10    9.810977e-02    1.503900e+19    7.313207e-05    3.656603e-04    9.441310e-05    4.720655e-04
1.459310e+10    9.810474e-02    1.499717e+19    7.303028e-05    3.651514e-04    9.428169e-05    4.714084e-04
1.462480e+10    9.809985e-02    1.495613e+19    7.293028e-05    3.646514e-04    9.415259e-05    4.707630e-04
1.465650e+10    9.809483e-02    1.491452e+19    7.282878e-05    3.641439e-04    9.402155e-05    4.701077e-04
1.468820e+10    9.808995e-02    1.487405e+19    7.272989e-05    3.636495e-04    9.389389e-05    4.694694e-04
1.471990e+10    9.808491e-02    1.483266e+19    7.262863e-05    3.631431e-04    9.376315e-05    4.688158e-04
1.475160e+10    9.808003e-02    1.479242e+19    7.253005e-05    3.626503e-04    9.363590e-05    4.681795e-04
1.478330e+10    9.807515e-02    1.475160e+19    7.242990e-05    3.621495e-04    9.350660e-05    4.675330e-04
1.481500e+10    9.807026e-02    1.471159e+19    7.233160e-05    3.616580e-04    9.337969e-05    4.668984e-04
1.484660e+10    9.806538e-02    1.467098e+19    7.223172e-05    3.611586e-04    9.325075e-05    4.662537e-04
1.487830e+10    9.806049e-02    1.463151e+19    7.213447e-05    3.606724e-04    9.312521e-05    4.656260e-04
1.491000e+10    9.805561e-02    1.459114e+19    7.203491e-05    3.601745e-04    9.299667e-05    4.649833e-04
1.494170e+10    9.805086e-02    1.455188e+19    7.193793e-05    3.596896e-04    9.287147e-05    4.643573e-04
1.497340e+10    9.804598e-02    1.451174e+19    7.183864e-05    3.591932e-04    9.274328e-05    4.637164e-04
1.500510e+10    9.804123e-02    1.447303e+19    7.174274e-05    3.587137e-04    9.261949e-05    4.630974e-04
