1.584400e+03    1.291661e+00    1.753070e+25    7.895833e-02    3.947916e-01    1.019348e-01    5.096738e-01
3.168810e+03    1.282792e+00    1.733641e+25    7.851958e-02    3.925979e-01    1.013683e-01    5.068417e-01
4.753210e+03    1.274141e+00    1.714823e+25    7.809225e-02    3.904612e-01    1.008167e-01    5.040833e-01
6.337620e+03    1.265698e+00    1.696560e+25    7.767530e-02    3.883765e-01    1.002784e-01    5.013919e-01
7.922020e+03    1.257457e+00    1.678878e+25    7.726947e-02    3.863474e-01    9.975446e-02    4.987723e-01
9.823310e+03    1.247833e+00    1.658362e+25    7.679589e-02    3.839794e-01    9.914307e-02    4.957153e-01
1.210480e+04    1.236648e+00    1.634667e+25    7.624528e-02    3.812264e-01    9.843223e-02    4.921611e-01
1.470340e+04    1.224356e+00    1.608901e+25    7.564200e-02    3.782100e-01    9.765340e-02    4.882670e-01
1.737020e+04    1.212190e+00    1.583650e+25    7.504607e-02    3.752303e-01    9.688406e-02    4.844203e-01
2.010660e+04    1.200145e+00    1.558868e+25    7.445656e-02    3.722828e-01    9.612300e-02    4.806150e-01
2.291450e+04    1.188223e+00    1.534579e+25    7.387423e-02    3.693711e-01    9.537122e-02    4.768561e-01
2.579540e+04    1.176418e+00    1.510773e+25    7.329898e-02    3.664949e-01    9.462858e-02    4.731429e-01
2.875110e+04    1.164731e+00    1.487405e+25    7.272989e-02    3.636495e-01    9.389389e-02    4.694694e-01
3.178330e+04    1.153161e+00    1.464466e+25    7.216688e-02    3.608344e-01    9.316705e-02    4.658352e-01
3.489390e+04    1.141704e+00    1.441980e+25    7.161071e-02    3.580535e-01    9.244903e-02    4.622451e-01
3.808480e+04    1.130361e+00    1.419938e+25    7.106127e-02    3.553063e-01    9.173971e-02    4.586985e-01
4.135770e+04    1.119131e+00    1.398297e+25    7.051767e-02    3.525884e-01    9.103793e-02    4.551896e-01
4.471450e+04    1.108011e+00    1.377112e+25    6.998145e-02    3.499073e-01    9.034567e-02    4.517283e-01
4.815730e+04    1.097004e+00    1.356311e+25    6.945092e-02    3.472546e-01    8.966075e-02    4.483037e-01
5.168790e+04    1.086111e+00    1.334779e+25    6.889742e-02    3.444871e-01    8.894619e-02    4.447310e-01
5.531140e+04    1.075329e+00    1.313074e+25    6.833496e-02    3.416748e-01    8.822006e-02    4.411003e-01
5.903180e+04    1.064657e+00    1.291931e+25    6.778256e-02    3.389128e-01    8.750691e-02    4.375345e-01
6.285100e+04    1.054095e+00    1.271333e+25    6.724004e-02    3.362002e-01    8.680652e-02    4.340326e-01
6.677090e+04    1.043641e+00    1.251294e+25    6.670800e-02    3.335400e-01    8.611966e-02    4.305983e-01
7.079360e+04    1.033297e+00    1.231797e+25    6.618628e-02    3.309314e-01    8.544612e-02    4.272306e-01
7.492070e+04    1.023063e+00    1.212912e+25    6.567694e-02    3.283847e-01    8.478857e-02    4.239428e-01
7.915410e+04    1.012938e+00    1.194564e+25    6.517829e-02    3.258914e-01    8.414481e-02    4.207241e-01
8.349540e+04    1.002921e+00    1.176818e+25    6.469236e-02    3.234618e-01    8.351747e-02    4.175874e-01
8.794630e+04    9.930101e-01    1.159630e+25    6.421818e-02    3.210909e-01    8.290531e-02    4.145265e-01
9.250820e+04    9.832069e-01    1.143061e+25    6.375775e-02    3.187887e-01    8.231090e-02    4.115545e-01
9.718230e+04    9.735100e-01    1.127092e+25    6.331083e-02    3.165541e-01    8.173393e-02    4.086696e-01
1.019700e+05    9.639181e-01    1.111755e+25    6.287861e-02    3.143931e-01    8.117594e-02    4.058797e-01
1.068720e+05    9.544310e-01    1.097057e+25    6.246158e-02    3.123079e-01    8.063755e-02    4.031878e-01
1.118890e+05    9.450503e-01    1.083052e+25    6.206160e-02    3.103080e-01    8.012118e-02    4.006059e-01
1.170210e+05    9.357716e-01    1.069718e+25    6.167838e-02    3.083919e-01    7.962645e-02    3.981322e-01
1.222690e+05    9.265962e-01    1.057132e+25    6.131447e-02    3.065723e-01    7.915664e-02    3.957832e-01
1.276320e+05    9.175215e-01    1.045320e+25    6.097095e-02    3.048547e-01    7.871316e-02    3.935658e-01
1.331090e+05    9.085488e-01    1.034330e+25    6.064960e-02    3.032480e-01    7.829830e-02    3.914915e-01
1.386990e+05    8.997055e-01    1.018566e+25    6.018565e-02    3.009282e-01    7.769933e-02    3.884967e-01
1.444310e+05    8.909727e-01    1.001404e+25    5.967644e-02    2.983822e-01    7.704196e-02    3.852098e-01
1.503190e+05    8.823377e-01    9.845533e+24    5.917223e-02    2.958611e-01    7.639102e-02    3.819551e-01
1.563660e+05    8.738003e-01    9.680310e+24    5.867363e-02    2.933681e-01    7.574733e-02    3.787366e-01
1.625760e+05    8.653577e-01    9.518079e+24    5.817990e-02    2.908995e-01    7.510993e-02    3.755496e-01
1.689540e+05    8.570072e-01    9.358780e+24    5.769098e-02    2.884549e-01    7.447874e-02    3.723937e-01
1.755040e+05    8.487471e-01    9.202574e+24    5.720750e-02    2.860375e-01    7.385457e-02    3.692728e-01
1.822290e+05    8.405790e-01    9.049182e+24    5.672872e-02    2.836436e-01    7.323646e-02    3.661823e-01
1.891350e+05    8.324957e-01    8.898756e+24    5.625524e-02    2.812762e-01    7.262520e-02    3.631260e-01
1.962260e+05    8.244986e-01    8.751031e+24    5.578635e-02    2.789317e-01    7.201987e-02    3.600993e-01
2.035070e+05    8.165862e-01    8.606157e+24    5.532265e-02    2.766132e-01    7.142123e-02    3.571062e-01
2.109820e+05    8.087557e-01    8.464070e+24    5.486406e-02    2.743203e-01    7.082920e-02    3.541460e-01
2.186560e+05    8.010058e-01    8.324330e+24    5.440928e-02    2.720464e-01    7.024208e-02    3.512104e-01
2.265340e+05    7.933348e-01    8.187462e+24    5.396013e-02    2.698006e-01    6.966223e-02    3.483111e-01
2.346220e+05    7.857428e-01    8.053030e+24    5.351530e-02    2.675765e-01    6.908796e-02    3.454398e-01
2.429240e+05    7.782256e-01    7.920988e+24    5.307475e-02    2.653738e-01    6.851921e-02    3.425961e-01
2.514450e+05    7.707845e-01    7.791647e+24    5.263965e-02    2.631982e-01    6.795749e-02    3.397874e-01
2.601920e+05    7.634181e-01    7.664596e+24    5.220871e-02    2.610435e-01    6.740115e-02    3.370057e-01
2.691700e+05    7.561250e-01    7.539963e+24    5.178249e-02    2.589124e-01    6.685091e-02    3.342545e-01
2.783840e+05    7.489037e-01    7.417700e+24    5.136094e-02    2.568047e-01    6.630669e-02    3.315334e-01
2.878400e+05    7.417543e-01    7.297924e+24    5.094458e-02    2.547229e-01    6.576917e-02    3.288458e-01
2.975450e+05    7.346753e-01    7.178096e+24    5.052461e-02    2.526230e-01    6.522699e-02    3.261349e-01
3.075060e+05    7.276753e-01    7.052112e+24    5.007926e-02    2.503963e-01    6.465205e-02    3.232603e-01
3.177430e+05    7.207428e-01    6.928661e+24    4.963899e-02    2.481950e-01    6.408367e-02    3.204183e-01
3.282620e+05    7.138779e-01    6.807840e+24    4.920429e-02    2.460215e-01    6.352247e-02    3.176123e-01
3.390710e+05    7.070790e-01    6.689586e+24    4.877507e-02    2.438754e-01    6.296835e-02    3.148417e-01
3.501770e+05    7.003491e-01    6.573691e+24    4.835072e-02    2.417536e-01    6.242051e-02    3.121026e-01
3.615870e+05    6.936825e-01    6.460249e+24    4.793171e-02    2.396586e-01    6.187957e-02    3.093979e-01
3.733090e+05    6.870833e-01    6.349205e+24    4.751798e-02    2.375899e-01    6.134545e-02    3.067272e-01
3.853510e+05    6.805474e-01    6.240498e+24    4.710944e-02    2.355472e-01    6.081802e-02    3.040901e-01
3.977200e+05    6.740761e-01    6.134219e+24    4.670657e-02    2.335328e-01    6.029792e-02    3.014896e-01
4.104250e+05    6.676681e-01    6.030027e+24    4.630821e-02    2.315410e-01    5.978364e-02    2.989182e-01
4.234720e+05    6.613219e-01    5.928151e+24    4.591535e-02    2.295768e-01    5.927647e-02    2.963823e-01
4.368720e+05    6.550374e-01    5.828533e+24    4.552793e-02    2.276397e-01    5.877631e-02    2.938815e-01
4.506310e+05    6.488132e-01    5.730985e+24    4.514534e-02    2.257267e-01    5.828239e-02    2.914119e-01
4.647580e+05    6.426480e-01    5.635589e+24    4.476803e-02    2.238401e-01    5.779528e-02    2.889764e-01
4.792630e+05    6.365431e-01    5.542162e+24    4.439539e-02    2.219770e-01    5.731421e-02    2.865710e-01
4.941530e+05    6.304943e-01    5.450788e+24    4.402790e-02    2.201395e-01    5.683978e-02    2.841989e-01
5.094390e+05    6.245015e-01    5.361412e+24    4.366545e-02    2.183272e-01    5.637185e-02    2.818593e-01
5.251280e+05    6.185632e-01    5.273990e+24    4.330798e-02    2.165399e-01    5.591037e-02    2.795518e-01
5.412310e+05    6.126810e-01    5.188350e+24    4.295492e-02    2.147746e-01    5.545457e-02    2.772728e-01
5.577560e+05    6.068520e-01    5.104689e+24    4.260720e-02    2.130360e-01    5.500565e-02    2.750283e-01
5.747140e+05    6.010762e-01    5.022839e+24    4.226423e-02    2.113211e-01    5.456288e-02    2.728144e-01
5.921130e+05    5.953534e-01    4.942757e+24    4.192596e-02    2.096298e-01    5.412618e-02    2.706309e-01
6.099650e+05    5.896825e-01    4.864512e+24    4.159278e-02    2.079639e-01    5.369605e-02    2.684802e-01
6.282780e+05    5.840618e-01    4.788057e+24    4.126463e-02    2.063232e-01    5.327241e-02    2.663620e-01
6.470620e+05    5.784928e-01    4.713455e+24    4.094190e-02    2.047095e-01    5.285576e-02    2.642788e-01
6.663270e+05    5.729741e-01    4.640548e+24    4.062403e-02    2.031201e-01    5.244539e-02    2.622270e-01
6.860840e+05    5.675043e-01    4.569506e+24    4.031187e-02    2.015593e-01    5.204240e-02    2.602120e-01
7.063410e+05    5.620848e-01    4.500278e+24    4.000534e-02    2.000267e-01    5.164667e-02    2.582334e-01
7.271080e+05    5.567127e-01    4.432811e+24    3.970434e-02    1.985217e-01    5.125808e-02    2.562904e-01
7.483950e+05    5.513894e-01    4.367262e+24    3.940968e-02    1.970484e-01    5.087768e-02    2.543884e-01
7.702100e+05    5.461150e-01    4.303475e+24    3.912082e-02    1.956041e-01    5.050476e-02    2.525238e-01
7.925610e+05    5.408850e-01    4.241596e+24    3.883855e-02    1.941927e-01    5.014035e-02    2.507018e-01
8.154590e+05    5.357026e-01    4.181665e+24    3.856319e-02    1.928159e-01    4.978486e-02    2.489243e-01
8.389090e+05    5.305661e-01    4.123721e+24    3.829508e-02    1.914754e-01    4.943873e-02    2.471937e-01
8.629190e+05    5.254741e-01    4.067704e+24    3.803409e-02    1.901704e-01    4.910179e-02    2.455090e-01
8.874950e+05    5.204267e-01    4.013926e+24    3.778183e-02    1.889091e-01    4.877613e-02    2.438807e-01
9.126420e+05    5.154224e-01    3.962318e+24    3.753816e-02    1.876908e-01    4.846156e-02    2.423078e-01
9.383640e+05    5.104627e-01    3.912995e+24    3.730379e-02    1.865190e-01    4.815899e-02    2.407949e-01
9.646630e+05    5.055661e-01    3.846177e+24    3.698392e-02    1.849196e-01    4.774604e-02    2.387302e-01
9.916790e+05    5.007184e-01    3.776933e+24    3.664949e-02    1.832475e-01    4.731429e-02    2.365715e-01
1.019460e+06    4.959153e-01    3.708851e+24    3.631767e-02    1.815884e-01    4.688591e-02    2.344295e-01
1.048020e+06    4.911552e-01    3.641911e+24    3.598844e-02    1.799422e-01    4.646087e-02    2.323043e-01
1.077380e+06    4.864397e-01    3.576097e+24    3.566177e-02    1.783089e-01    4.603915e-02    2.301958e-01
1.107580e+06    4.817715e-01    3.511472e+24    3.533808e-02    1.766904e-01    4.562126e-02    2.281063e-01
1.138630e+06    4.771537e-01    3.448016e+24    3.501732e-02    1.750866e-01    4.520717e-02    2.260358e-01
1.170560e+06    4.725848e-01    3.385784e+24    3.469988e-02    1.734994e-01    4.479735e-02    2.239867e-01
1.203390e+06    4.680733e-01    3.324982e+24    3.438689e-02    1.719345e-01    4.439329e-02    2.219664e-01
1.237150e+06    4.636178e-01    3.265272e+24    3.407673e-02    1.703837e-01    4.399288e-02    2.199644e-01
1.271850e+06    4.592241e-01    3.206929e+24    3.377093e-02    1.688546e-01    4.359808e-02    2.179904e-01
1.307520e+06    4.548894e-01    3.149846e+24    3.346902e-02    1.673451e-01    4.320832e-02    2.160416e-01
1.344180e+06    4.506193e-01    3.094064e+24    3.317133e-02    1.658567e-01    4.282401e-02    2.141200e-01
1.381860e+06    4.464224e-01    3.039690e+24    3.287857e-02    1.643929e-01    4.244606e-02    2.122303e-01
1.420570e+06    4.423046e-01    2.986752e+24    3.259102e-02    1.629551e-01    4.207482e-02    2.103741e-01
1.460330e+06    4.382716e-01    2.935345e+24    3.230933e-02    1.615466e-01    4.171116e-02    2.085558e-01
1.501170e+06    4.343104e-01    2.885289e+24    3.203266e-02    1.601633e-01    4.135398e-02    2.067699e-01
1.543090e+06    4.304483e-01    2.836804e+24    3.176238e-02    1.588119e-01    4.100505e-02    2.050252e-01
1.586110e+06    4.266896e-01    2.790032e+24    3.149945e-02    1.574972e-01    4.066561e-02    2.033281e-01
1.630230e+06    4.230402e-01    2.744917e+24    3.124373e-02    1.562187e-01    4.033549e-02    2.016774e-01
1.675470e+06    4.195101e-01    2.701652e+24    3.099652e-02    1.549826e-01    4.001634e-02    2.000817e-01
1.721820e+06    4.160848e-01    2.659986e+24    3.075657e-02    1.537829e-01    3.970657e-02    1.985328e-01
1.769290e+06    4.127931e-01    2.620289e+24    3.052621e-02    1.526311e-01    3.940917e-02    1.970458e-01
1.817850e+06    4.096422e-01    2.582434e+24    3.030491e-02    1.515245e-01    3.912346e-02    1.956173e-01
1.867510e+06    4.066164e-01    2.546415e+24    3.009282e-02    1.504641e-01    3.884967e-02    1.942483e-01
1.918240e+06    4.037457e-01    2.512402e+24    2.989117e-02    1.494559e-01    3.858934e-02    1.929467e-01
1.970030e+06    4.010345e-01    2.480500e+24    2.970079e-02    1.485039e-01    3.834355e-02    1.917177e-01
2.022840e+06    3.984626e-01    2.450413e+24    2.952011e-02    1.476005e-01    3.811030e-02    1.905515e-01
2.076640e+06    3.960589e-01    2.422420e+24    2.935101e-02    1.467550e-01    3.789199e-02    1.894599e-01
2.131390e+06    3.938204e-01    2.396510e+24    2.919362e-02    1.459681e-01    3.768880e-02    1.884440e-01
2.187050e+06    3.917270e-01    2.372407e+24    2.904644e-02    1.452322e-01    3.749880e-02    1.874940e-01
2.243580e+06    3.897988e-01    2.350224e+24    2.891032e-02    1.445516e-01    3.732306e-02    1.866153e-01
2.300920e+06    3.880072e-01    2.329750e+24    2.878412e-02    1.439206e-01    3.716014e-02    1.858007e-01
2.359030e+06    3.863491e-01    2.310890e+24    2.866738e-02    1.433369e-01    3.700942e-02    1.850471e-01
2.417870e+06    3.848419e-01    2.293768e+24    2.856097e-02    1.428049e-01    3.687206e-02    1.843603e-01
2.477380e+06    3.834540e-01    2.278030e+24    2.846283e-02    1.423141e-01    3.674535e-02    1.837267e-01
2.537520e+06    3.822011e-01    2.263911e+24    2.837448e-02    1.418724e-01    3.663130e-02    1.831565e-01
2.598230e+06    3.810488e-01    2.250916e+24    2.829293e-02    1.414646e-01    3.652602e-02    1.826301e-01
2.659470e+06    3.799914e-01    2.239026e+24    2.821811e-02    1.410906e-01    3.642942e-02    1.821471e-01
2.721220e+06    3.790187e-01    2.228123e+24    2.814932e-02    1.407466e-01    3.634062e-02    1.817031e-01
2.783420e+06    3.781466e-01    2.218346e+24    2.808749e-02    1.404374e-01    3.626079e-02    1.813040e-01
2.858070e+06    3.772069e-01    2.207849e+24    2.802096e-02    1.401048e-01    3.617490e-02    1.808745e-01
2.947640e+06    3.762127e-01    2.196743e+24    2.795039e-02    1.397520e-01    3.608380e-02    1.804190e-01
3.055130e+06    3.751739e-01    2.185141e+24    2.787648e-02    1.393824e-01    3.598839e-02    1.799419e-01
3.184120e+06    3.741408e-01    2.173649e+24    2.780309e-02    1.390154e-01    3.589363e-02    1.794681e-01
3.338900e+06    3.730776e-01    2.161869e+24    2.772764e-02    1.386382e-01    3.579623e-02    1.789812e-01
3.524640e+06    3.719813e-01    2.149757e+24    2.764986e-02    1.382493e-01    3.569582e-02    1.784791e-01
3.747530e+06    3.708922e-01    2.137713e+24    2.757230e-02    1.378615e-01    3.559569e-02    1.779784e-01
3.972500e+06    3.698463e-01    2.126176e+24    2.749780e-02    1.374890e-01    3.549951e-02    1.774975e-01
4.189060e+06    3.688477e-01    2.115190e+24    2.742666e-02    1.371333e-01    3.540767e-02    1.770383e-01
4.397860e+06    3.678807e-01    2.104598e+24    2.735791e-02    1.367895e-01    3.531891e-02    1.765945e-01
4.599400e+06    3.669756e-01    2.094833e+24    2.729436e-02    1.364718e-01    3.523687e-02    1.761844e-01
4.794360e+06    3.660661e-01    2.085640e+24    2.723441e-02    1.361720e-01    3.515947e-02    1.757974e-01
4.982930e+06    3.651552e-01    2.076392e+24    2.717396e-02    1.358698e-01    3.508144e-02    1.754072e-01
5.165280e+06    3.642457e-01    2.067185e+24    2.711365e-02    1.355683e-01    3.500357e-02    1.750179e-01
5.341630e+06    3.633707e-01    2.058302e+24    2.705533e-02    1.352767e-01    3.492829e-02    1.746414e-01
5.512370e+06    3.624856e-01    2.049317e+24    2.699622e-02    1.349811e-01    3.485197e-02    1.742598e-01
5.677630e+06    3.615977e-01    2.040325e+24    2.693692e-02    1.346846e-01    3.477541e-02    1.738771e-01
5.837550e+06    3.607069e-01    2.031278e+24    2.687713e-02    1.343857e-01    3.469823e-02    1.734912e-01
5.992280e+06    3.598420e-01    2.022457e+24    2.681871e-02    1.340936e-01    3.462281e-02    1.731141e-01
6.142130e+06    3.589727e-01    2.013628e+24    2.676012e-02    1.338006e-01    3.454716e-02    1.727358e-01
6.287220e+06    3.580991e-01    2.004700e+24    2.670072e-02    1.335036e-01    3.447048e-02    1.723524e-01
6.427670e+06    3.572256e-01    1.995857e+24    2.664177e-02    1.332088e-01    3.439437e-02    1.719719e-01
6.563630e+06    3.563721e-01    1.987189e+24    2.658385e-02    1.329192e-01    3.431961e-02    1.715980e-01
6.695330e+06    3.555158e-01    1.978423e+24    2.652515e-02    1.326258e-01    3.424383e-02    1.712191e-01
6.822870e+06    3.546581e-01    1.969696e+24    2.646659e-02    1.323329e-01    3.416822e-02    1.708411e-01
6.946400e+06    3.538003e-01    1.960962e+24    2.640784e-02    1.320392e-01    3.409238e-02    1.704619e-01
7.066020e+06    3.529598e-01    1.952357e+24    2.634984e-02    1.317492e-01    3.401749e-02    1.700875e-01
7.181920e+06    3.521178e-01    1.943745e+24    2.629166e-02    1.314583e-01    3.394238e-02    1.697119e-01
7.294220e+06    3.512773e-01    1.935171e+24    2.623360e-02    1.311680e-01    3.386744e-02    1.693372e-01
7.403030e+06    3.504382e-01    1.926590e+24    2.617538e-02    1.308769e-01    3.379227e-02    1.689613e-01
7.508450e+06    3.496020e-01    1.918047e+24    2.611728e-02    1.305864e-01    3.371726e-02    1.685863e-01
7.610600e+06    3.487787e-01    1.909674e+24    2.606021e-02    1.303011e-01    3.364359e-02    1.682180e-01
7.709620e+06    3.479583e-01    1.901338e+24    2.600327e-02    1.300164e-01    3.357008e-02    1.678504e-01
7.805620e+06    3.471408e-01    1.892951e+24    2.594586e-02    1.297293e-01    3.349596e-02    1.674798e-01
7.898690e+06    3.463262e-01    1.884644e+24    2.588887e-02    1.294443e-01    3.342238e-02    1.671119e-01
7.988940e+06    3.455244e-01    1.876459e+24    2.583259e-02    1.291629e-01    3.334973e-02    1.667486e-01
8.076470e+06    3.447241e-01    1.868268e+24    2.577614e-02    1.288807e-01    3.327686e-02    1.663843e-01
8.161380e+06    3.439282e-01    1.860156e+24    2.572012e-02    1.286006e-01    3.320453e-02    1.660226e-01
8.243490e+06    3.431394e-01    1.852121e+24    2.566451e-02    1.283226e-01    3.313274e-02    1.656637e-01
8.323430e+06    3.423578e-01    1.844120e+24    2.560902e-02    1.280451e-01    3.306110e-02    1.653055e-01
8.401010e+06    3.415804e-01    1.836197e+24    2.555395e-02    1.277697e-01    3.299000e-02    1.649500e-01
8.476330e+06    3.408089e-01    1.828308e+24    2.549899e-02    1.274950e-01    3.291906e-02    1.645953e-01
8.549450e+06    3.400417e-01    1.820494e+24    2.544444e-02    1.272222e-01    3.284863e-02    1.642432e-01
8.620450e+06    3.392787e-01    1.812756e+24    2.539031e-02    1.269515e-01    3.277875e-02    1.638937e-01
8.689410e+06    3.385273e-01    1.805091e+24    2.533658e-02    1.266829e-01    3.270938e-02    1.635469e-01
8.756390e+06    3.377802e-01    1.797460e+24    2.528297e-02    1.264148e-01    3.264017e-02    1.632008e-01
8.821480e+06    3.370388e-01    1.789943e+24    2.523004e-02    1.261502e-01    3.257184e-02    1.628592e-01
8.884740e+06    3.363032e-01    1.782499e+24    2.517752e-02    1.258876e-01    3.250404e-02    1.625202e-01
8.946220e+06    3.355762e-01    1.775086e+24    2.512511e-02    1.256256e-01    3.243638e-02    1.621819e-01
9.006000e+06    3.348549e-01    1.767784e+24    2.507339e-02    1.253669e-01    3.236960e-02    1.618480e-01
9.064140e+06    3.341394e-01    1.760513e+24    2.502177e-02    1.251088e-01    3.230296e-02    1.615148e-01
9.120680e+06    3.334310e-01    1.753312e+24    2.497054e-02    1.248527e-01    3.223683e-02    1.611841e-01
9.175700e+06    3.327284e-01    1.746221e+24    2.491999e-02    1.246000e-01    3.217157e-02    1.608579e-01
9.229220e+06    3.320345e-01    1.739159e+24    2.486955e-02    1.243478e-01    3.210645e-02    1.605322e-01
9.281330e+06    3.313463e-01    1.732205e+24    2.481978e-02    1.240989e-01    3.204220e-02    1.602110e-01
9.332050e+06    3.306652e-01    1.725319e+24    2.477040e-02    1.238520e-01    3.197845e-02    1.598922e-01
9.381440e+06    3.299899e-01    1.718499e+24    2.472140e-02    1.236070e-01    3.191518e-02    1.595759e-01
9.429550e+06    3.293218e-01    1.711746e+24    2.467278e-02    1.233639e-01    3.185242e-02    1.592621e-01
9.476410e+06    3.286609e-01    1.705058e+24    2.462453e-02    1.231226e-01    3.179013e-02    1.589506e-01
9.522080e+06    3.280086e-01    1.698476e+24    2.457695e-02    1.228848e-01    3.172871e-02    1.586435e-01
9.566600e+06    3.273606e-01    1.691957e+24    2.452974e-02    1.226487e-01    3.166776e-02    1.583388e-01
9.609990e+06    3.267213e-01    1.685541e+24    2.448319e-02    1.224159e-01    3.160766e-02    1.580383e-01
9.652310e+06    3.260877e-01    1.679188e+24    2.443700e-02    1.221850e-01    3.154804e-02    1.577402e-01
9.693580e+06    3.254627e-01    1.672859e+24    2.439091e-02    1.219545e-01    3.148852e-02    1.574426e-01
9.733850e+06    3.248434e-01    1.666669e+24    2.434574e-02    1.217287e-01    3.143022e-02    1.571511e-01
9.773140e+06    3.242313e-01    1.660502e+24    2.430066e-02    1.215033e-01    3.137201e-02    1.568601e-01
9.811500e+06    3.236264e-01    1.654434e+24    2.425621e-02    1.212811e-01    3.131464e-02    1.565732e-01
9.848950e+06    3.230287e-01    1.648426e+24    2.421213e-02    1.210606e-01    3.125772e-02    1.562886e-01
9.885520e+06    3.224368e-01    1.642515e+24    2.416868e-02    1.208434e-01    3.120164e-02    1.560082e-01
9.921240e+06    3.218534e-01    1.636664e+24    2.412559e-02    1.206280e-01    3.114601e-02    1.557300e-01
9.956140e+06    3.212758e-01    1.630907e+24    2.408313e-02    1.204156e-01    3.109119e-02    1.554559e-01
9.990240e+06    3.207055e-01    1.625247e+24    2.404130e-02    1.202065e-01    3.103719e-02    1.551859e-01
1.002360e+07    3.201408e-01    1.619605e+24    2.399954e-02    1.199977e-01    3.098327e-02    1.549164e-01
1.005620e+07    3.195833e-01    1.614021e+24    2.395813e-02    1.197907e-01    3.092981e-02    1.546491e-01
1.008810e+07    3.190331e-01    1.608530e+24    2.391734e-02    1.195867e-01    3.087716e-02    1.543858e-01
1.011920e+07    3.184900e-01    1.603132e+24    2.387718e-02    1.193859e-01    3.082530e-02    1.541265e-01
1.014980e+07    3.179526e-01    1.597789e+24    2.383735e-02    1.191867e-01    3.077389e-02    1.538694e-01
1.017960e+07    3.174224e-01    1.592499e+24    2.379786e-02    1.189893e-01    3.072291e-02    1.536145e-01
1.020890e+07    3.168980e-01    1.587301e+24    2.375899e-02    1.187949e-01    3.067272e-02    1.533636e-01
1.023750e+07    3.163807e-01    1.582156e+24    2.372045e-02    1.186023e-01    3.062297e-02    1.531148e-01
1.026550e+07    3.158707e-01    1.577064e+24    2.368225e-02    1.184112e-01    3.057365e-02    1.528683e-01
1.029300e+07    3.153664e-01    1.572061e+24    2.364465e-02    1.182233e-01    3.052512e-02    1.526256e-01
1.031990e+07    3.148678e-01    1.567109e+24    2.360739e-02    1.180369e-01    3.047701e-02    1.523850e-01
1.034630e+07    3.143750e-01    1.562246e+24    2.357073e-02    1.178536e-01    3.042968e-02    1.521484e-01
1.037210e+07    3.138894e-01    1.557433e+24    2.353439e-02    1.176719e-01    3.038277e-02    1.519138e-01
1.039750e+07    3.134109e-01    1.552671e+24    2.349838e-02    1.174919e-01    3.033628e-02    1.516814e-01
1.042230e+07    3.129368e-01    1.548029e+24    2.346324e-02    1.173162e-01    3.029091e-02    1.514545e-01
1.044670e+07    3.124698e-01    1.543439e+24    2.342842e-02    1.171421e-01    3.024596e-02    1.512298e-01
1.047070e+07    3.120072e-01    1.538861e+24    2.339365e-02    1.169682e-01    3.020107e-02    1.510054e-01
1.049410e+07    3.115517e-01    1.534367e+24    2.335947e-02    1.167973e-01    3.015694e-02    1.507847e-01
1.051720e+07    3.111020e-01    1.529922e+24    2.332560e-02    1.166280e-01    3.011323e-02    1.505661e-01
1.053980e+07    3.106581e-01    1.525560e+24    2.329233e-02    1.164616e-01    3.007027e-02    1.503513e-01
1.056210e+07    3.102198e-01    1.521245e+24    2.325937e-02    1.162968e-01    3.002771e-02    1.501386e-01
1.058390e+07    3.097874e-01    1.516978e+24    2.322672e-02    1.161336e-01    2.998557e-02    1.499278e-01
1.060530e+07    3.093606e-01    1.512792e+24    2.319466e-02    1.159733e-01    2.994417e-02    1.497209e-01
1.062640e+07    3.089382e-01    1.508653e+24    2.316290e-02    1.158145e-01    2.990318e-02    1.495159e-01
1.064710e+07    3.085230e-01    1.504559e+24    2.313146e-02    1.156573e-01    2.986258e-02    1.493129e-01
1.066750e+07    3.081121e-01    1.500511e+24    2.310031e-02    1.155016e-01    2.982238e-02    1.491119e-01
1.068750e+07    3.077069e-01    1.496543e+24    2.306975e-02    1.153488e-01    2.978292e-02    1.489146e-01
1.070720e+07    3.073060e-01    1.492620e+24    2.303949e-02    1.151975e-01    2.974386e-02    1.487193e-01
1.072660e+07    3.069109e-01    1.488742e+24    2.300954e-02    1.150477e-01    2.970519e-02    1.485260e-01
1.074560e+07    3.065215e-01    1.484941e+24    2.298015e-02    1.149008e-01    2.966725e-02    1.483363e-01
1.076440e+07    3.061365e-01    1.481150e+24    2.295080e-02    1.147540e-01    2.962936e-02    1.481468e-01
1.078280e+07    3.057557e-01    1.477438e+24    2.292203e-02    1.146101e-01    2.959221e-02    1.479610e-01
1.080100e+07    3.053807e-01    1.473769e+24    2.289354e-02    1.144677e-01    2.955544e-02    1.477772e-01
1.081890e+07    3.050100e-01    1.470176e+24    2.286562e-02    1.143281e-01    2.951939e-02    1.475969e-01
1.083650e+07    3.046451e-01    1.466592e+24    2.283773e-02    1.141887e-01    2.948339e-02    1.474169e-01
1.085390e+07    3.042830e-01    1.463084e+24    2.281040e-02    1.140520e-01    2.944810e-02    1.472405e-01
1.087100e+07    3.039267e-01    1.459618e+24    2.278337e-02    1.139169e-01    2.941321e-02    1.470660e-01
1.088780e+07    3.035747e-01    1.456161e+24    2.275637e-02    1.137819e-01    2.937835e-02    1.468917e-01
1.090440e+07    3.032270e-01    1.452778e+24    2.272992e-02    1.136496e-01    2.934420e-02    1.467210e-01
1.092080e+07    3.028850e-01    1.449470e+24    2.270403e-02    1.135202e-01    2.931078e-02    1.465539e-01
1.093690e+07    3.025460e-01    1.446170e+24    2.267817e-02    1.133909e-01    2.927739e-02    1.463869e-01
1.095280e+07    3.022112e-01    1.442910e+24    2.265259e-02    1.132630e-01    2.924437e-02    1.462219e-01
1.096850e+07    3.018808e-01    1.439691e+24    2.262731e-02    1.131366e-01    2.921174e-02    1.460587e-01
1.098390e+07    3.015546e-01    1.436545e+24    2.260258e-02    1.130129e-01    2.917980e-02    1.458990e-01
1.099920e+07    3.012328e-01    1.433407e+24    2.257787e-02    1.128894e-01    2.914791e-02    1.457395e-01
1.101430e+07    3.009152e-01    1.430340e+24    2.255371e-02    1.127685e-01    2.911671e-02    1.455836e-01
1.102910e+07    3.006006e-01    1.427280e+24    2.252957e-02    1.126479e-01    2.908555e-02    1.454278e-01
1.104380e+07    3.002902e-01    1.424293e+24    2.250598e-02    1.125299e-01    2.905509e-02    1.452755e-01
1.105820e+07    2.999842e-01    1.421311e+24    2.248241e-02    1.124121e-01    2.902467e-02    1.451233e-01
1.107250e+07    2.996810e-01    1.418402e+24    2.245939e-02    1.122970e-01    2.899495e-02    1.449748e-01
1.108660e+07    2.993822e-01    1.415498e+24    2.243639e-02    1.121820e-01    2.896526e-02    1.448263e-01
1.110060e+07    2.990862e-01    1.412633e+24    2.241367e-02    1.120683e-01    2.893593e-02    1.446796e-01
1.111430e+07    2.987945e-01    1.409839e+24    2.239149e-02    1.119575e-01    2.890729e-02    1.445365e-01
1.112790e+07    2.985057e-01    1.407049e+24    2.236933e-02    1.118466e-01    2.887868e-02    1.443934e-01
1.114130e+07    2.982213e-01    1.404298e+24    2.234745e-02    1.117372e-01    2.885043e-02    1.442521e-01
1.115460e+07    2.979397e-01    1.401584e+24    2.232585e-02    1.116292e-01    2.882255e-02    1.441127e-01
1.116770e+07    2.976624e-01    1.398909e+24    2.230452e-02    1.115226e-01    2.879502e-02    1.439751e-01
1.118070e+07    2.973865e-01    1.396269e+24    2.228347e-02    1.114174e-01    2.876784e-02    1.438392e-01
1.119350e+07    2.971149e-01    1.393668e+24    2.226271e-02    1.113135e-01    2.874103e-02    1.437052e-01
1.120610e+07    2.968463e-01    1.391103e+24    2.224221e-02    1.112111e-01    2.871457e-02    1.435729e-01
1.121860e+07    2.965819e-01    1.388543e+24    2.222173e-02    1.111087e-01    2.868813e-02    1.434407e-01
1.123100e+07    2.963190e-01    1.386020e+24    2.220153e-02    1.110077e-01    2.866206e-02    1.433103e-01
1.124320e+07    2.960604e-01    1.383564e+24    2.218186e-02    1.109093e-01    2.863666e-02    1.431833e-01
1.125540e+07    2.958046e-01    1.381113e+24    2.216220e-02    1.108110e-01    2.861128e-02    1.430564e-01
1.126730e+07    2.955503e-01    1.378667e+24    2.214257e-02    1.107128e-01    2.858593e-02    1.429297e-01
1.127920e+07    2.953003e-01    1.376288e+24    2.212345e-02    1.106173e-01    2.856126e-02    1.428063e-01
1.129090e+07    2.950531e-01    1.373913e+24    2.210436e-02    1.105218e-01    2.853660e-02    1.426830e-01
1.130250e+07    2.948089e-01    1.371574e+24    2.208554e-02    1.104277e-01    2.851231e-02    1.425615e-01
1.131400e+07    2.945661e-01    1.369239e+24    2.206673e-02    1.103337e-01    2.848803e-02    1.424401e-01
1.132530e+07    2.943276e-01    1.366939e+24    2.204819e-02    1.102410e-01    2.846409e-02    1.423205e-01
1.133660e+07    2.940905e-01    1.364675e+24    2.202992e-02    1.101496e-01    2.844051e-02    1.422025e-01
1.134770e+07    2.938563e-01    1.362446e+24    2.201192e-02    1.100596e-01    2.841727e-02    1.420863e-01
1.135870e+07    2.936250e-01    1.360220e+24    2.199393e-02    1.099697e-01    2.839405e-02    1.419702e-01
1.136970e+07    2.933965e-01    1.358030e+24    2.197622e-02    1.098811e-01    2.837117e-02    1.418559e-01
1.138050e+07    2.931696e-01    1.355874e+24    2.195877e-02    1.097938e-01    2.834865e-02    1.417432e-01
1.139120e+07    2.929454e-01    1.353752e+24    2.194158e-02    1.097079e-01    2.832646e-02    1.416323e-01
1.140180e+07    2.927241e-01    1.351635e+24    2.192441e-02    1.096221e-01    2.830430e-02    1.415215e-01
1.141230e+07    2.925043e-01    1.349520e+24    2.190726e-02    1.095363e-01    2.828215e-02    1.414107e-01
1.142270e+07    2.922874e-01    1.347470e+24    2.189061e-02    1.094531e-01    2.826066e-02    1.413033e-01
1.143300e+07    2.920733e-01    1.345424e+24    2.187399e-02    1.093699e-01    2.823919e-02    1.411960e-01
1.144320e+07    2.918606e-01    1.343381e+24    2.185737e-02    1.092869e-01    2.821775e-02    1.410887e-01
1.145330e+07    2.916509e-01    1.341403e+24    2.184128e-02    1.092064e-01    2.819697e-02    1.409848e-01
1.146340e+07    2.914425e-01    1.339397e+24    2.182493e-02    1.091247e-01    2.817587e-02    1.408793e-01
1.147330e+07    2.912371e-01    1.337455e+24    2.180911e-02    1.090456e-01    2.815544e-02    1.407772e-01
1.148320e+07    2.910330e-01    1.335517e+24    2.179330e-02    1.089665e-01    2.813503e-02    1.406751e-01
1.149290e+07    2.908319e-01    1.333581e+24    2.177750e-02    1.088875e-01    2.811463e-02    1.405731e-01
1.150260e+07    2.906322e-01    1.331678e+24    2.176196e-02    1.088098e-01    2.809457e-02    1.404729e-01
1.151220e+07    2.904339e-01    1.329809e+24    2.174668e-02    1.087334e-01    2.807484e-02    1.403742e-01
1.152170e+07    2.902385e-01    1.327943e+24    2.173142e-02    1.086571e-01    2.805514e-02    1.402757e-01
1.153120e+07    2.900445e-01    1.326109e+24    2.171641e-02    1.085820e-01    2.803576e-02    1.401788e-01
1.154250e+07    2.898118e-01    1.323912e+24    2.169841e-02    1.084921e-01    2.801253e-02    1.400626e-01
1.155610e+07    2.895345e-01    1.321263e+24    2.167669e-02    1.083835e-01    2.798449e-02    1.399224e-01
1.157240e+07    2.892026e-01    1.318133e+24    2.165100e-02    1.082550e-01    2.795132e-02    1.397566e-01
1.159200e+07    2.888060e-01    1.314375e+24    2.162011e-02    1.081006e-01    2.791145e-02    1.395572e-01
1.161550e+07    2.883319e-01    1.309903e+24    2.158330e-02    1.079165e-01    2.786392e-02    1.393196e-01
1.164370e+07    2.877672e-01    1.304575e+24    2.153937e-02    1.076968e-01    2.780720e-02    1.390360e-01
1.167750e+07    2.870934e-01    1.298193e+24    2.148662e-02    1.074331e-01    2.773910e-02    1.386955e-01
1.171810e+07    2.862945e-01    1.290028e+24    2.141894e-02    1.070947e-01    2.765173e-02    1.382587e-01
1.176680e+07    2.853463e-01    1.279291e+24    2.132961e-02    1.066481e-01    2.753641e-02    1.376821e-01
1.182530e+07    2.842270e-01    1.266657e+24    2.122403e-02    1.061202e-01    2.740011e-02    1.370005e-01
1.189540e+07    2.829095e-01    1.251899e+24    2.110002e-02    1.055001e-01    2.724001e-02    1.362000e-01
1.197960e+07    2.813635e-01    1.234694e+24    2.095453e-02    1.047727e-01    2.705219e-02    1.352609e-01
1.208060e+07    2.795575e-01    1.215092e+24    2.078753e-02    1.039377e-01    2.683659e-02    1.341829e-01
1.220180e+07    2.774540e-01    1.194123e+24    2.060739e-02    1.030369e-01    2.660402e-02    1.330201e-01
1.234730e+07    2.750172e-01    1.170036e+24    2.039849e-02    1.019924e-01    2.633434e-02    1.316717e-01
1.251060e+07    2.723879e-01    1.144219e+24    2.017219e-02    1.008609e-01    2.604218e-02    1.302109e-01
1.267910e+07    2.697787e-01    1.118817e+24    1.994701e-02    9.973507e-02    2.575149e-02    1.287574e-01
1.285310e+07    2.671911e-01    1.093803e+24    1.972277e-02    9.861385e-02    2.546199e-02    1.273099e-01
1.303290e+07    2.646221e-01    1.069201e+24    1.949970e-02    9.749851e-02    2.517401e-02    1.258700e-01
1.321860e+07    2.620747e-01    1.044983e+24    1.927760e-02    9.638799e-02    2.488727e-02    1.244364e-01
1.341040e+07    2.595474e-01    1.021173e+24    1.905671e-02    9.528355e-02    2.460211e-02    1.230105e-01
1.360860e+07    2.570417e-01    9.977675e+23    1.883705e-02    9.418527e-02    2.431853e-02    1.215927e-01
1.381340e+07    2.545546e-01    9.748082e+23    1.861907e-02    9.309533e-02    2.403711e-02    1.201856e-01
1.402510e+07    2.520905e-01    9.522242e+23    1.840212e-02    9.201061e-02    2.375704e-02    1.187852e-01
1.424390e+07    2.496465e-01    9.300566e+23    1.818666e-02    9.093331e-02    2.347888e-02    1.173944e-01
1.447020e+07    2.472241e-01    9.083208e+23    1.797289e-02    8.986445e-02    2.320290e-02    1.160145e-01
1.470410e+07    2.448218e-01    8.869912e+23    1.776061e-02    8.880307e-02    2.292886e-02    1.146443e-01
1.494600e+07    2.424425e-01    8.660826e+23    1.755003e-02    8.775017e-02    2.265700e-02    1.132850e-01
1.519620e+07    2.400833e-01    8.455694e+23    1.734095e-02    8.670476e-02    2.238707e-02    1.119354e-01
1.545500e+07    2.377443e-01    8.254663e+23    1.713358e-02    8.566788e-02    2.211935e-02    1.105967e-01
1.572260e+07    2.354282e-01    8.057297e+23    1.692751e-02    8.463753e-02    2.185332e-02    1.092666e-01
1.599960e+07    2.331322e-01    7.863925e+23    1.672315e-02    8.361573e-02    2.158949e-02    1.079474e-01
1.628610e+07    2.308563e-01    7.674132e+23    1.652011e-02    8.260055e-02    2.132737e-02    1.066369e-01
1.658260e+07    2.286006e-01    7.487715e+23    1.631823e-02    8.159113e-02    2.106674e-02    1.053337e-01
1.688950e+07    2.263664e-01    7.304647e+23    1.611751e-02    8.058755e-02    2.080762e-02    1.040381e-01
1.720720e+07    2.241523e-01    7.125073e+23    1.591816e-02    7.959082e-02    2.055026e-02    1.027513e-01
1.753610e+07    2.219583e-01    6.948472e+23    1.571965e-02    7.859827e-02    2.029399e-02    1.014699e-01
1.787670e+07    2.197831e-01    6.774842e+23    1.552201e-02    7.761004e-02    2.003883e-02    1.001941e-01
1.822950e+07    2.176293e-01    6.604336e+23    1.532544e-02    7.662719e-02    1.978506e-02    9.892528e-02
1.859500e+07    2.154942e-01    6.436789e+23    1.512979e-02    7.564896e-02    1.953248e-02    9.766239e-02
1.897370e+07    2.133779e-01    6.272046e+23    1.493492e-02    7.467460e-02    1.928090e-02    9.640450e-02
1.936630e+07    2.112816e-01    6.110114e+23    1.474087e-02    7.370432e-02    1.903037e-02    9.515187e-02
1.977320e+07    2.092040e-01    5.950990e+23    1.454765e-02    7.273826e-02    1.878094e-02    9.390470e-02
2.019510e+07    2.071451e-01    5.794678e+23    1.435532e-02    7.177661e-02    1.853264e-02    9.266321e-02
2.063270e+07    2.051063e-01    5.641170e+23    1.416390e-02    7.081951e-02    1.828552e-02    9.142759e-02
2.108680e+07    2.030862e-01    5.490339e+23    1.397327e-02    6.986633e-02    1.803941e-02    9.019704e-02
2.155790e+07    2.010848e-01    5.340837e+23    1.378171e-02    6.890853e-02    1.779211e-02    8.896053e-02
2.204700e+07    1.991034e-01    5.193609e+23    1.359042e-02    6.795211e-02    1.754516e-02    8.772580e-02
2.255500e+07    1.971408e-01    5.049279e+23    1.340025e-02    6.700126e-02    1.729965e-02    8.649826e-02
2.308280e+07    1.951983e-01    4.907715e+23    1.321107e-02    6.605535e-02    1.705542e-02    8.527709e-02
2.363110e+07    1.932730e-01    4.768692e+23    1.302261e-02    6.511304e-02    1.681211e-02    8.406057e-02
2.420110e+07    1.913678e-01    4.632435e+23    1.283521e-02    6.417605e-02    1.657019e-02    8.285092e-02
2.479360e+07    1.894813e-01    4.498826e+23    1.264876e-02    6.324380e-02    1.632948e-02    8.164739e-02
2.540990e+07    1.876149e-01    4.367563e+23    1.246287e-02    6.231433e-02    1.608949e-02    8.044745e-02
2.605100e+07    1.857658e-01    4.238861e+23    1.227787e-02    6.138933e-02    1.585066e-02    7.925329e-02
2.671810e+07    1.839368e-01    4.112531e+23    1.209353e-02    6.046763e-02    1.561267e-02    7.806337e-02
2.741250e+07    1.821250e-01    3.988497e+23    1.190976e-02    5.954879e-02    1.537543e-02    7.687716e-02
2.813570e+07    1.803333e-01    3.866601e+23    1.172635e-02    5.863177e-02    1.513866e-02    7.569329e-02
2.888910e+07    1.785603e-01    3.746790e+23    1.154325e-02    5.771623e-02    1.490227e-02    7.451134e-02
2.967430e+07    1.768046e-01    3.629104e+23    1.136051e-02    5.680257e-02    1.466636e-02    7.333180e-02
3.049300e+07    1.750690e-01    3.513576e+23    1.117823e-02    5.589114e-02    1.443103e-02    7.215516e-02
3.134700e+07    1.733520e-01    3.400082e+23    1.099621e-02    5.498104e-02    1.419604e-02    7.098022e-02
3.223820e+07    1.716537e-01    3.286770e+23    1.081143e-02    5.405713e-02    1.395749e-02    6.978746e-02
3.316930e+07    1.699756e-01    3.175480e+23    1.062681e-02    5.313406e-02    1.371915e-02    6.859577e-02
3.414250e+07    1.683147e-01    3.066686e+23    1.044318e-02    5.221592e-02    1.348209e-02    6.741047e-02
3.516030e+07    1.666724e-01    2.960323e+23    1.026048e-02    5.130242e-02    1.324623e-02    6.623115e-02
3.622490e+07    1.650488e-01    2.856468e+23    1.007890e-02    5.039448e-02    1.301180e-02    6.505899e-02
3.733910e+07    1.634440e-01    2.755175e+23    9.898581e-03    4.949290e-02    1.277901e-02    6.389507e-02
3.850570e+07    1.618563e-01    2.656435e+23    9.719589e-03    4.859794e-02    1.254794e-02    6.273968e-02
3.972740e+07    1.602873e-01    2.559583e+23    9.540759e-03    4.770380e-02    1.231707e-02    6.158533e-02
4.100780e+07    1.587342e-01    2.464730e+23    9.362310e-03    4.681155e-02    1.208669e-02    6.043345e-02
4.235050e+07    1.571997e-01    2.372353e+23    9.185186e-03    4.592593e-02    1.185802e-02    5.929012e-02
4.375910e+07    1.556810e-01    2.282124e+23    9.008821e-03    4.504410e-02    1.163034e-02    5.815169e-02
4.523770e+07    1.541796e-01    2.193913e+23    8.832995e-03    4.416498e-02    1.140335e-02    5.701674e-02
4.679070e+07    1.526940e-01    2.107800e+23    8.657909e-03    4.328954e-02    1.117731e-02    5.588656e-02
4.842280e+07    1.512256e-01    2.023668e+23    8.483360e-03    4.241680e-02    1.095197e-02    5.475985e-02
5.013940e+07    1.497716e-01    1.941374e+23    8.309080e-03    4.154540e-02    1.072698e-02    5.363488e-02
5.194610e+07    1.483333e-01    1.860798e+23    8.134820e-03    4.067410e-02    1.050201e-02    5.251004e-02
5.384920e+07    1.469109e-01    1.781924e+23    7.960547e-03    3.980274e-02    1.027702e-02    5.138511e-02
5.585590e+07    1.455043e-01    1.704705e+23    7.786154e-03    3.893077e-02    1.005188e-02    5.025941e-02
5.797380e+07    1.441106e-01    1.629894e+23    7.613388e-03    3.806694e-02    9.828842e-03    4.914421e-02
6.021020e+07    1.427336e-01    1.557218e+23    7.441715e-03    3.720857e-02    9.607212e-03    4.803606e-02
6.257360e+07    1.413710e-01    1.486275e+23    7.270227e-03    3.635113e-02    9.385822e-03    4.692911e-02
6.507370e+07    1.400234e-01    1.417161e+23    7.099177e-03    3.549588e-02    9.164998e-03    4.582499e-02
6.772100e+07    1.386907e-01    1.349862e+23    6.928559e-03    3.464280e-02    8.944732e-03    4.472366e-02
7.052700e+07    1.373726e-01    1.284427e+23    6.758541e-03    3.379270e-02    8.725239e-03    4.362619e-02
7.350420e+07    1.360691e-01    1.221038e+23    6.589659e-03    3.294829e-02    8.507213e-03    4.253606e-02
7.666590e+07    1.347782e-01    1.161180e+23    6.426108e-03    3.213054e-02    8.296070e-03    4.148035e-02
8.002250e+07    1.335017e-01    1.103061e+23    6.263225e-03    3.131613e-02    8.085789e-03    4.042894e-02
8.358980e+07    1.322396e-01    1.046644e+23    6.100956e-03    3.050478e-02    7.876301e-03    3.938150e-02
8.738520e+07    1.309915e-01    9.919945e+22    5.939542e-03    2.969771e-02    7.667916e-03    3.833958e-02
9.142790e+07    1.297573e-01    9.390730e+22    5.778937e-03    2.889469e-02    7.460576e-03    3.730288e-02
9.573890e+07    1.285368e-01    8.880129e+22    5.619633e-03    2.809816e-02    7.254915e-03    3.627458e-02
1.003410e+08    1.273295e-01    8.388403e+22    5.461827e-03    2.730914e-02    7.051189e-03    3.525594e-02
1.052590e+08    1.261359e-01    7.911874e+22    5.304421e-03    2.652211e-02    6.847978e-03    3.423989e-02
1.105230e+08    1.249558e-01    7.449878e+22    5.147222e-03    2.573611e-02    6.645035e-03    3.322517e-02
1.161660e+08    1.237892e-01    7.001955e+22    4.990085e-03    2.495043e-02    6.442173e-03    3.221086e-02
1.222270e+08    1.226372e-01    6.560687e+22    4.830287e-03    2.415144e-02    6.235874e-03    3.117937e-02
1.287560e+08    1.215010e-01    6.120111e+22    4.665283e-03    2.332641e-02    6.022854e-03    3.011427e-02
1.358200e+08    1.203786e-01    5.691926e+22    4.499124e-03    2.249562e-02    5.808344e-03    2.904172e-02
1.434870e+08    1.192703e-01    5.276055e+22    4.331646e-03    2.165823e-02    5.592131e-03    2.796066e-02
1.518350e+08    1.181749e-01    4.877747e+22    4.164932e-03    2.082466e-02    5.376904e-03    2.688452e-02
1.609480e+08    1.170917e-01    4.500276e+22    4.000534e-03    2.000267e-02    5.164667e-03    2.582333e-02
1.709170e+08    1.160221e-01    4.136655e+22    3.835509e-03    1.917754e-02    4.951621e-03    2.475810e-02
1.818620e+08    1.149659e-01    3.789301e+22    3.670945e-03    1.835472e-02    4.739170e-03    2.369585e-02
1.939210e+08    1.139213e-01    3.464649e+22    3.510168e-03    1.755084e-02    4.531608e-03    2.265804e-02
2.072300e+08    1.128892e-01    3.158344e+22    3.351414e-03    1.675707e-02    4.326656e-03    2.163328e-02
2.219630e+08    1.118695e-01    2.870578e+22    3.195089e-03    1.597545e-02    4.124843e-03    2.062421e-02
2.383220e+08    1.108591e-01    2.608911e+22    3.045986e-03    1.522993e-02    3.932352e-03    1.966176e-02
2.564850e+08    1.098592e-01    2.367387e+22    2.901569e-03    1.450785e-02    3.745910e-03    1.872955e-02
2.766830e+08    1.088714e-01    2.140471e+22    2.759008e-03    1.379504e-02    3.561864e-03    1.780932e-02
2.992250e+08    1.078953e-01    1.928632e+22    2.618925e-03    1.309462e-02    3.381017e-03    1.690509e-02
3.244690e+08    1.069313e-01    1.730491e+22    2.480750e-03    1.240375e-02    3.202634e-03    1.601317e-02
3.528580e+08    1.059818e-01    1.541841e+22    2.341629e-03    1.170814e-02    3.023030e-03    1.511515e-02
3.845460e+08    1.050606e-01    1.362665e+22    2.201369e-03    1.100685e-02    2.841955e-03    1.420978e-02
4.162340e+08    1.042565e-01    1.209649e+22    2.074092e-03    1.037046e-02    2.677641e-03    1.338821e-02
4.479220e+08    1.035488e-01    1.080014e+22    1.959805e-03    9.799027e-03    2.530098e-03    1.265049e-02
4.796100e+08    1.029207e-01    9.718272e+21    1.859058e-03    9.295288e-03    2.400033e-03    1.200017e-02
5.112980e+08    1.023583e-01    8.805196e+21    1.769570e-03    8.847852e-03    2.284506e-03    1.142253e-02
5.429860e+08    1.018514e-01    8.025261e+21    1.689382e-03    8.446911e-03    2.180983e-03    1.090491e-02
5.746740e+08    1.013914e-01    7.354772e+21    1.617271e-03    8.086357e-03    2.087889e-03    1.043944e-02
6.063620e+08    1.009706e-01    6.791715e+21    1.554132e-03    7.770662e-03    2.006376e-03    1.003188e-02
6.380510e+08    1.005832e-01    6.302593e+21    1.497125e-03    7.485623e-03    1.932780e-03    9.663898e-03
6.697390e+08    1.002251e-01    5.871234e+21    1.444984e-03    7.224920e-03    1.865466e-03    9.327331e-03
7.014270e+08    9.989282e-02    5.487937e+21    1.397021e-03    6.985104e-03    1.803546e-03    9.017731e-03
7.331150e+08    9.958333e-02    5.145995e+21    1.352798e-03    6.763991e-03    1.746455e-03    8.732274e-03
7.648030e+08    9.929396e-02    4.841603e+21    1.312178e-03    6.560892e-03    1.694015e-03    8.470075e-03
7.964910e+08    9.902212e-02    4.573508e+21    1.275331e-03    6.376657e-03    1.646446e-03    8.232228e-03
8.281790e+08    9.876623e-02    4.328919e+21    1.240761e-03    6.203803e-03    1.601815e-03    8.009076e-03
8.598670e+08    9.852471e-02    4.105151e+21    1.208267e-03    6.041334e-03    1.559866e-03    7.799329e-03
8.915550e+08    9.829655e-02    3.898784e+21    1.177506e-03    5.887527e-03    1.520153e-03    7.600765e-03
9.232430e+08    9.808046e-02    3.708081e+21    1.148346e-03    5.741732e-03    1.482509e-03    7.412544e-03
9.549310e+08    9.787558e-02    3.531743e+21    1.120709e-03    5.603545e-03    1.446829e-03    7.234145e-03
9.866190e+08    9.768089e-02    3.367745e+21    1.094379e-03    5.471897e-03    1.412838e-03    7.064188e-03
1.018310e+09    9.749555e-02    3.219729e+21    1.070060e-03    5.350298e-03    1.381441e-03    6.907206e-03
1.050000e+09    9.731724e-02    3.106986e+21    1.051158e-03    5.255790e-03    1.357039e-03    6.785195e-03
1.081680e+09    9.714583e-02    2.999985e+21    1.032899e-03    5.164495e-03    1.333467e-03    6.667335e-03
1.113370e+09    9.698074e-02    2.898139e+21    1.015215e-03    5.076074e-03    1.310637e-03    6.553184e-03
1.145060e+09    9.682155e-02    2.801362e+21    9.981205e-04    4.990602e-03    1.288568e-03    6.442840e-03
1.176750e+09    9.666825e-02    2.709500e+21    9.816189e-04    4.908094e-03    1.267265e-03    6.336322e-03
1.208440e+09    9.652026e-02    2.621980e+21    9.656350e-04    4.828175e-03    1.246629e-03    6.233147e-03
1.240120e+09    9.637730e-02    2.538454e+21    9.501299e-04    4.750649e-03    1.226612e-03    6.133062e-03
1.271810e+09    9.623923e-02    2.458664e+21    9.350781e-04    4.675390e-03    1.207181e-03    6.035903e-03
1.303500e+09    9.610589e-02    2.382644e+21    9.205087e-04    4.602543e-03    1.188372e-03    5.941858e-03
1.335190e+09    9.597686e-02    2.310091e+21    9.063853e-04    4.531926e-03    1.170138e-03    5.850692e-03
1.366880e+09    9.585201e-02    2.240625e+21    8.926535e-04    4.463267e-03    1.152411e-03    5.762053e-03
1.398560e+09    9.573118e-02    2.174150e+21    8.793121e-04    4.396561e-03    1.135187e-03    5.675935e-03
1.430250e+09    9.561408e-02    2.110616e+21    8.663690e-04    4.331845e-03    1.118478e-03    5.592388e-03
1.461940e+09    9.550072e-02    2.049836e+21    8.538034e-04    4.269017e-03    1.102255e-03    5.511277e-03
1.493630e+09    9.539051e-02    1.994984e+21    8.423023e-04    4.211511e-03    1.087408e-03    5.437038e-03
1.525320e+09    9.528348e-02    1.943297e+21    8.313193e-04    4.156597e-03    1.073229e-03    5.366143e-03
1.557010e+09    9.517945e-02    1.893516e+21    8.206025e-04    4.103013e-03    1.059393e-03    5.296966e-03
1.588690e+09    9.507817e-02    1.845564e+21    8.101453e-04    4.050726e-03    1.045893e-03    5.229465e-03
1.620380e+09    9.497960e-02    1.799283e+21    7.999228e-04    3.999614e-03    1.032696e-03    5.163479e-03
1.652070e+09    9.488362e-02    1.754565e+21    7.899198e-04    3.949599e-03    1.019782e-03    5.098911e-03
1.683760e+09    9.479023e-02    1.711353e+21    7.801319e-04    3.900660e-03    1.007146e-03    5.035730e-03
1.715450e+09    9.469928e-02    1.669703e+21    7.705804e-04    3.852902e-03    9.948150e-04    4.974075e-03
1.747130e+09    9.461063e-02    1.629481e+21    7.612423e-04    3.806211e-03    9.827596e-04    4.913798e-03
1.778820e+09    9.452428e-02    1.590557e+21    7.520954e-04    3.760477e-03    9.709510e-04    4.854755e-03
1.810510e+09    9.444008e-02    1.552957e+21    7.431526e-04    3.715763e-03    9.594059e-04    4.797030e-03
1.842200e+09    9.435805e-02    1.516559e+21    7.343920e-04    3.671960e-03    9.480960e-04    4.740480e-03
1.873890e+09    9.427802e-02    1.481424e+21    7.258351e-04    3.629175e-03    9.370491e-04    4.685245e-03
1.905570e+09    9.419986e-02    1.447436e+21    7.174605e-04    3.587303e-03    9.262376e-04    4.631188e-03
1.937260e+09    9.412370e-02    1.414520e+21    7.092558e-04    3.546279e-03    9.156453e-04    4.578227e-03
1.968950e+09    9.404928e-02    1.382640e+21    7.012177e-04    3.506088e-03    9.052682e-04    4.526341e-03
2.000640e+09    9.397658e-02    1.351790e+21    6.933506e-04    3.466753e-03    8.951118e-04    4.475559e-03
2.032330e+09    9.390574e-02    1.321933e+21    6.856508e-04    3.428254e-03    8.851714e-04    4.425857e-03
2.064010e+09    9.383635e-02    1.293062e+21    6.781221e-04    3.390610e-03    8.754519e-04    4.377259e-03
2.095700e+09    9.376868e-02    1.265054e+21    6.707380e-04    3.353690e-03    8.659190e-04    4.329595e-03
2.127390e+09    9.370244e-02    1.237910e+21    6.635030e-04    3.317515e-03    8.565788e-04    4.282894e-03
2.159080e+09    9.363779e-02    1.211014e+21    6.562554e-04    3.281277e-03    8.472221e-04    4.236110e-03
2.190770e+09    9.357471e-02    1.184239e+21    6.489600e-04    3.244800e-03    8.378038e-04    4.189019e-03
2.222450e+09    9.351308e-02    1.158322e+21    6.418195e-04    3.209097e-03    8.285854e-04    4.142927e-03
2.254140e+09    9.345273e-02    1.133207e+21    6.348233e-04    3.174117e-03    8.195534e-04    4.097767e-03
2.285830e+09    9.339382e-02    1.108841e+21    6.279613e-04    3.139806e-03    8.106946e-04    4.053473e-03
2.317520e+09    9.333621e-02    1.085249e+21    6.212451e-04    3.106225e-03    8.020240e-04    4.010120e-03
2.349210e+09    9.327988e-02    1.062427e+21    6.146783e-04    3.073392e-03    7.935463e-04    3.967732e-03
2.380900e+09    9.322486e-02    1.040301e+21    6.082441e-04    3.041221e-03    7.852398e-04    3.926199e-03
2.412580e+09    9.317098e-02    1.018848e+21    6.019397e-04    3.009698e-03    7.771008e-04    3.885504e-03
2.444270e+09    9.311825e-02    9.980436e+20    5.957624e-04    2.978812e-03    7.691259e-04    3.845629e-03
2.475960e+09    9.306652e-02    9.778886e+20    5.897161e-04    2.948581e-03    7.613202e-04    3.806601e-03
2.507650e+09    9.301609e-02    9.583616e+20    5.837986e-04    2.918993e-03    7.536807e-04    3.768404e-03
2.539340e+09    9.296652e-02    9.394184e+20    5.780000e-04    2.890000e-03    7.461948e-04    3.730974e-03
2.571020e+09    9.291811e-02    9.210206e+20    5.723122e-04    2.861561e-03    7.388518e-04    3.694259e-03
2.602710e+09    9.287055e-02    9.031903e+20    5.667453e-04    2.833727e-03    7.316651e-04    3.658325e-03
2.634400e+09    9.282400e-02    8.858685e+20    5.612844e-04    2.806422e-03    7.246150e-04    3.623075e-03
2.666090e+09    9.277845e-02    8.690393e+20    5.559273e-04    2.779637e-03    7.176991e-04    3.588495e-03
2.697780e+09    9.273362e-02    8.527254e+20    5.506846e-04    2.753423e-03    7.109307e-04    3.554654e-03
2.729460e+09    9.268980e-02    8.368914e+20    5.455479e-04    2.727739e-03    7.042993e-04    3.521496e-03
2.761150e+09    9.264684e-02    8.215408e+20    5.405214e-04    2.702607e-03    6.978101e-04    3.489051e-03
2.792840e+09    9.260474e-02    8.066206e+20    5.355906e-04    2.677953e-03    6.914445e-04    3.457223e-03
2.824530e+09    9.256336e-02    7.920983e+20    5.307474e-04    2.653737e-03    6.851919e-04    3.425960e-03
2.856220e+09    9.252270e-02    7.779998e+20    5.260028e-04    2.630014e-03    6.790667e-04    3.395333e-03
2.887900e+09    9.248291e-02    7.642923e+20    5.213484e-04    2.606742e-03    6.730579e-04    3.365289e-03
2.919590e+09    9.244367e-02    7.509813e+20    5.167885e-04    2.583943e-03    6.671711e-04    3.335856e-03
2.951280e+09    9.240532e-02    7.380221e+20    5.123102e-04    2.561551e-03    6.613896e-04    3.306948e-03
2.982970e+09    9.236753e-02    7.254028e+20    5.079114e-04    2.539557e-03    6.557107e-04    3.278554e-03
3.014660e+09    9.233046e-02    7.131307e+20    5.035967e-04    2.517983e-03    6.501406e-04    3.250703e-03
3.046350e+09    9.229397e-02    7.011956e+20    4.993648e-04    2.496824e-03    6.446772e-04    3.223386e-03
3.078030e+09    9.225804e-02    6.911452e+20    4.957731e-04    2.478865e-03    6.400403e-04    3.200201e-03
3.109720e+09    9.222270e-02    6.826674e+20    4.927231e-04    2.463615e-03    6.361027e-04    3.180514e-03
3.141410e+09    9.218764e-02    6.743402e+20    4.897087e-04    2.448544e-03    6.322113e-04    3.161056e-03
3.173100e+09    9.215316e-02    6.661768e+20    4.867356e-04    2.433678e-03    6.283729e-04    3.141865e-03
3.204790e+09    9.211911e-02    6.581867e+20    4.838078e-04    2.419039e-03    6.245932e-04    3.122966e-03
3.236470e+09    9.208549e-02    6.503380e+20    4.809145e-04    2.404573e-03    6.208580e-04    3.104290e-03
3.268160e+09    9.205216e-02    6.426571e+20    4.780661e-04    2.390331e-03    6.171807e-04    3.085903e-03
3.299850e+09    9.201940e-02    6.351254e+20    4.752565e-04    2.376283e-03    6.135535e-04    3.067768e-03
3.331540e+09    9.198693e-02    6.277247e+20    4.724795e-04    2.362397e-03    6.099684e-04    3.049842e-03
3.363230e+09    9.195488e-02    6.204675e+20    4.697403e-04    2.348702e-03    6.064322e-04    3.032161e-03
3.394910e+09    9.192327e-02    6.133373e+20    4.670335e-04    2.335167e-03    6.029376e-04    3.014688e-03
3.426600e+09    9.189195e-02    6.063444e+20    4.643634e-04    2.321817e-03    5.994906e-04    2.997453e-03
3.458290e+09    9.186106e-02    5.994725e+20    4.617245e-04    2.308623e-03    5.960838e-04    2.980419e-03
3.489980e+09    9.183061e-02    5.927196e+20    4.591165e-04    2.295583e-03    5.927169e-04    2.963585e-03
3.521670e+09    9.180043e-02    5.860832e+20    4.565391e-04    2.282695e-03    5.893894e-04    2.946947e-03
3.553350e+09    9.177055e-02    5.795747e+20    4.539970e-04    2.269985e-03    5.861076e-04    2.930538e-03
3.585040e+09    9.174109e-02    5.731906e+20    4.514897e-04    2.257449e-03    5.828707e-04    2.914353e-03
3.616730e+09    9.171207e-02    5.669167e+20    4.490120e-04    2.245060e-03    5.796720e-04    2.898360e-03
3.648420e+09    9.168319e-02    5.607632e+20    4.465685e-04    2.232842e-03    5.765174e-04    2.882587e-03
3.680110e+09    9.165474e-02    5.547270e+20    4.441585e-04    2.220792e-03    5.734061e-04    2.867031e-03
3.711800e+09    9.162658e-02    5.487811e+20    4.417717e-04    2.208858e-03    5.703248e-04    2.851624e-03
3.743480e+09    9.159885e-02    5.429371e+20    4.394132e-04    2.197066e-03    5.672800e-04    2.836400e-03
3.775170e+09    9.157127e-02    5.371919e+20    4.370821e-04    2.185411e-03    5.642706e-04    2.821353e-03
3.806860e+09    9.154411e-02    5.315442e+20    4.347785e-04    2.173892e-03    5.612966e-04    2.806483e-03
3.838550e+09    9.151709e-02    5.259802e+20    4.324969e-04    2.162484e-03    5.583511e-04    2.791756e-03
3.870240e+09    9.149052e-02    5.204984e+20    4.302373e-04    2.151186e-03    5.554339e-04    2.777170e-03
3.901920e+09    9.146422e-02    5.151213e+20    4.280092e-04    2.140046e-03    5.525574e-04    2.762787e-03
3.933610e+09    9.143807e-02    5.098344e+20    4.258071e-04    2.129035e-03    5.497146e-04    2.748573e-03
3.965300e+09    9.141236e-02    5.046372e+20    4.236312e-04    2.118156e-03    5.469055e-04    2.734528e-03
3.996990e+09    9.138692e-02    4.995276e+20    4.214810e-04    2.107405e-03    5.441297e-04    2.720649e-03
4.028680e+09    9.136164e-02    4.945033e+20    4.193561e-04    2.096780e-03    5.413863e-04    2.706932e-03
4.060360e+09    9.133664e-02    4.895640e+20    4.172565e-04    2.086282e-03    5.386758e-04    2.693379e-03
4.092050e+09    9.131207e-02    4.846959e+20    4.151767e-04    2.075883e-03    5.359908e-04    2.679954e-03
4.123740e+09    9.128750e-02    4.799093e+20    4.131216e-04    2.065608e-03    5.333377e-04    2.666689e-03
4.155430e+09    9.126336e-02    4.751920e+20    4.110862e-04    2.055431e-03    5.307100e-04    2.653550e-03
4.187120e+09    9.123937e-02    4.705324e+20    4.090657e-04    2.045328e-03    5.281015e-04    2.640508e-03
4.218800e+09    9.121566e-02    4.659609e+20    4.070737e-04    2.035368e-03    5.255299e-04    2.627649e-03
4.250490e+09    9.119224e-02    4.614551e+20    4.051007e-04    2.025504e-03    5.229828e-04    2.614914e-03
4.282180e+09    9.116911e-02    4.570140e+20    4.031466e-04    2.015733e-03    5.204601e-04    2.602300e-03
4.313870e+09    9.114612e-02    4.526364e+20    4.012112e-04    2.006056e-03    5.179615e-04    2.589807e-03
4.345560e+09    9.112327e-02    4.483417e+20    3.993033e-04    1.996516e-03    5.154983e-04    2.577492e-03
4.377240e+09    9.110072e-02    4.441087e+20    3.974138e-04    1.987069e-03    5.130590e-04    2.565295e-03
4.408930e+09    9.107845e-02    4.399359e+20    3.955424e-04    1.977712e-03    5.106430e-04    2.553215e-03
4.440620e+09    9.105632e-02    4.358220e+20    3.936886e-04    1.968443e-03    5.082498e-04    2.541249e-03
4.472310e+09    9.103448e-02    4.317868e+20    3.918619e-04    1.959309e-03    5.058915e-04    2.529457e-03
4.504000e+09    9.101279e-02    4.277984e+20    3.900478e-04    1.950239e-03    5.035496e-04    2.517748e-03
4.535690e+09    9.099138e-02    4.238668e+20    3.882514e-04    1.941257e-03    5.012304e-04    2.506152e-03
4.567370e+09    9.097012e-02    4.200000e+20    3.864764e-04    1.932382e-03    4.989388e-04    2.494694e-03
4.599060e+09    9.094914e-02    4.161780e+20    3.847139e-04    1.923569e-03    4.966635e-04    2.483317e-03
4.630750e+09    9.092830e-02    4.124198e+20    3.829729e-04    1.914865e-03    4.944159e-04    2.472079e-03
4.662440e+09    9.090762e-02    4.087044e+20    3.812440e-04    1.906220e-03    4.921839e-04    2.460919e-03
4.694130e+09    9.088721e-02    4.050507e+20    3.795360e-04    1.897680e-03    4.899789e-04    2.449894e-03
4.725810e+09    9.086696e-02    4.014388e+20    3.778400e-04    1.889200e-03    4.877894e-04    2.438947e-03
4.757500e+09    9.084684e-02    3.978866e+20    3.761646e-04    1.880823e-03    4.856265e-04    2.428132e-03
4.789190e+09    9.082701e-02    3.943840e+20    3.745053e-04    1.872526e-03    4.834843e-04    2.417421e-03
4.820880e+09    9.080733e-02    3.909394e+20    3.728662e-04    1.864331e-03    4.813682e-04    2.406841e-03
4.852570e+09    9.078779e-02    3.875337e+20    3.712385e-04    1.856193e-03    4.792669e-04    2.396334e-03
4.884250e+09    9.076839e-02    3.841839e+20    3.696306e-04    1.848153e-03    4.771910e-04    2.385955e-03
4.915940e+09    9.074928e-02    3.808722e+20    3.680340e-04    1.840170e-03    4.751298e-04    2.375649e-03
4.947630e+09    9.073031e-02    3.776152e+20    3.664570e-04    1.832285e-03    4.730940e-04    2.365470e-03
4.979320e+09    9.071150e-02    3.744029e+20    3.648950e-04    1.824475e-03    4.710774e-04    2.355387e-03
5.011010e+09    9.069282e-02    3.712268e+20    3.633440e-04    1.816720e-03    4.690751e-04    2.345375e-03
5.042690e+09    9.067443e-02    3.680943e+20    3.618078e-04    1.809039e-03    4.670918e-04    2.335459e-03
5.074380e+09    9.065604e-02    3.650055e+20    3.602865e-04    1.801433e-03    4.651279e-04    2.325640e-03
5.106070e+09    9.063793e-02    3.620424e+20    3.588211e-04    1.794106e-03    4.632361e-04    2.316180e-03
5.137760e+09    9.061997e-02    3.596245e+20    3.576209e-04    1.788105e-03    4.616867e-04    2.308433e-03
5.169450e+09    9.060201e-02    3.572310e+20    3.564289e-04    1.782144e-03    4.601477e-04    2.300738e-03
5.201140e+09    9.058420e-02    3.548702e+20    3.552492e-04    1.776246e-03    4.586247e-04    2.293123e-03
5.232820e+09    9.056667e-02    3.525246e+20    3.540732e-04    1.770366e-03    4.571065e-04    2.285533e-03
5.264510e+09    9.054914e-02    3.502107e+20    3.529092e-04    1.764546e-03    4.556038e-04    2.278019e-03
5.296200e+09    9.053175e-02    3.479199e+20    3.517531e-04    1.758766e-03    4.541113e-04    2.270557e-03
5.327890e+09    9.051437e-02    3.456521e+20    3.506049e-04    1.753024e-03    4.526289e-04    2.263145e-03
5.359580e+09    9.049727e-02    3.434071e+20    3.494644e-04    1.747322e-03    4.511566e-04    2.255783e-03
5.391260e+09    9.048032e-02    3.411923e+20    3.483357e-04    1.741678e-03    4.496994e-04    2.248497e-03
5.422950e+09    9.046336e-02    3.389918e+20    3.472106e-04    1.736053e-03    4.482469e-04    2.241235e-03
5.454640e+09    9.044655e-02    3.368211e+20    3.460971e-04    1.730485e-03    4.468094e-04    2.234047e-03
5.486330e+09    9.042988e-02    3.346642e+20    3.449872e-04    1.724936e-03    4.453765e-04    2.226883e-03
5.518020e+09    9.041336e-02    3.325365e+20    3.438888e-04    1.719444e-03    4.439585e-04    2.219792e-03
5.549700e+09    9.039684e-02    3.304223e+20    3.427938e-04    1.713969e-03    4.425449e-04    2.212725e-03
5.581390e+09    9.038046e-02    3.283367e+20    3.417103e-04    1.708551e-03    4.411461e-04    2.205730e-03
5.613080e+09    9.036423e-02    3.262639e+20    3.406300e-04    1.703150e-03    4.397514e-04    2.198757e-03
5.644770e+09    9.034813e-02    3.242195e+20    3.395611e-04    1.697805e-03    4.383715e-04    2.191857e-03
5.676460e+09    9.033218e-02    3.221879e+20    3.384955e-04    1.692478e-03    4.369959e-04    2.184979e-03
5.708140e+09    9.031623e-02    3.201765e+20    3.374372e-04    1.687186e-03    4.356296e-04    2.178148e-03
5.739830e+09    9.030043e-02    3.181919e+20    3.363898e-04    1.681949e-03    4.342774e-04    2.171387e-03
5.771520e+09    9.028477e-02    3.162199e+20    3.353458e-04    1.676729e-03    4.329296e-04    2.164648e-03
5.803210e+09    9.026911e-02    3.142747e+20    3.343128e-04    1.671564e-03    4.315960e-04    2.157980e-03
5.834900e+09    9.025359e-02    3.123411e+20    3.332828e-04    1.666414e-03    4.302662e-04    2.151331e-03
5.866590e+09    9.023822e-02    3.104268e+20    3.322599e-04    1.661300e-03    4.289457e-04    2.144728e-03
5.898270e+09    9.022299e-02    3.085386e+20    3.312478e-04    1.656239e-03    4.276391e-04    2.138196e-03
5.929960e+09    9.020776e-02    3.066686e+20    3.302425e-04    1.651212e-03    4.263412e-04    2.131706e-03
5.961650e+09    9.019267e-02    3.048172e+20    3.292442e-04    1.646221e-03    4.250524e-04    2.125262e-03
5.993340e+09    9.017773e-02    3.029767e+20    3.282487e-04    1.641243e-03    4.237672e-04    2.118836e-03
6.025030e+09    9.016279e-02    3.011546e+20    3.272601e-04    1.636300e-03    4.224910e-04    2.112455e-03
6.056710e+09    9.014799e-02    2.993569e+20    3.262819e-04    1.631409e-03    4.212281e-04    2.106141e-03
6.088400e+09    9.013333e-02    2.975768e+20    3.253103e-04    1.626552e-03    4.199739e-04    2.099869e-03
6.120090e+09    9.011868e-02    2.958145e+20    3.243456e-04    1.621728e-03    4.187284e-04    2.093642e-03
6.151780e+09    9.010417e-02    2.940623e+20    3.233836e-04    1.616918e-03    4.174864e-04    2.087432e-03
6.183470e+09    9.008980e-02    2.923339e+20    3.224318e-04    1.612159e-03    4.162577e-04    2.081288e-03
6.215150e+09    9.007543e-02    2.906227e+20    3.214867e-04    1.607434e-03    4.150376e-04    2.075188e-03
6.246840e+09    9.006121e-02    2.889212e+20    3.205443e-04    1.602721e-03    4.138209e-04    2.069104e-03
6.278530e+09    9.004713e-02    2.872429e+20    3.196119e-04    1.598059e-03    4.126172e-04    2.063086e-03
6.310220e+09    9.003305e-02    2.855743e+20    3.186823e-04    1.593411e-03    4.114170e-04    2.057085e-03
6.341910e+09    9.001911e-02    2.839286e+20    3.177627e-04    1.588813e-03    4.102298e-04    2.051149e-03
6.373590e+09    9.000517e-02    2.822926e+20    3.168459e-04    1.584229e-03    4.090463e-04    2.045231e-03
6.405280e+09    8.999138e-02    2.806658e+20    3.159316e-04    1.579658e-03    4.078659e-04    2.039330e-03
6.436970e+09    8.997773e-02    2.790676e+20    3.150308e-04    1.575154e-03    4.067030e-04    2.033515e-03
6.468660e+09    8.996408e-02    2.774721e+20    3.141290e-04    1.570645e-03    4.055388e-04    2.027694e-03
6.500350e+09    8.995043e-02    2.758985e+20    3.132369e-04    1.566185e-03    4.043872e-04    2.021936e-03
6.532030e+09    8.993707e-02    2.743401e+20    3.123511e-04    1.561755e-03    4.032435e-04    2.016217e-03
6.563720e+09    8.992371e-02    2.728032e+20    3.114749e-04    1.557374e-03    4.021123e-04    2.010562e-03
6.595410e+09    8.991035e-02    2.712685e+20    3.105975e-04    1.552988e-03    4.009797e-04    2.004898e-03
6.627100e+09    8.989713e-02    2.697550e+20    3.097298e-04    1.548649e-03    3.998595e-04    1.999297e-03
6.658790e+09    8.988405e-02    2.682622e+20    3.088717e-04    1.544358e-03    3.987516e-04    1.993758e-03
6.690480e+09    8.987098e-02    2.667713e+20    3.080121e-04    1.540061e-03    3.976420e-04    1.988210e-03
6.722160e+09    8.985804e-02    2.653012e+20    3.071623e-04    1.535811e-03    3.965448e-04    1.982724e-03
6.753850e+09    8.984511e-02    2.638513e+20    3.063218e-04    1.531609e-03    3.954598e-04    1.977299e-03
6.785540e+09    8.983233e-02    2.624033e+20    3.054801e-04    1.527401e-03    3.943732e-04    1.971866e-03
6.817230e+09    8.981954e-02    2.609693e+20    3.046443e-04    1.523221e-03    3.932941e-04    1.966470e-03
6.848920e+09    8.980690e-02    2.595548e+20    3.038175e-04    1.519088e-03    3.922268e-04    1.961134e-03
6.880600e+09    8.979440e-02    2.581542e+20    3.029967e-04    1.514984e-03    3.911671e-04    1.955835e-03
6.912290e+09    8.978190e-02    2.567553e+20    3.021746e-04    1.510873e-03    3.901058e-04    1.950529e-03
6.943980e+09    8.976939e-02    2.553754e+20    3.013616e-04    1.506808e-03    3.890561e-04    1.945280e-03
6.975670e+09    8.975704e-02    2.540091e+20    3.005543e-04    1.502771e-03    3.880139e-04    1.940070e-03
7.007360e+09    8.974468e-02    2.526501e+20    2.997492e-04    1.498746e-03    3.869745e-04    1.934873e-03
7.039040e+09    8.973247e-02    2.513096e+20    2.989530e-04    1.494765e-03    3.859466e-04    1.929733e-03
7.070730e+09    8.972040e-02    2.499708e+20    2.981556e-04    1.490778e-03    3.849172e-04    1.924586e-03
7.102420e+09    8.970834e-02    2.486561e+20    2.973705e-04    1.486852e-03    3.839036e-04    1.919518e-03
7.134110e+09    8.969626e-02    2.473542e+20    2.965910e-04    1.482955e-03    3.828973e-04    1.914487e-03
7.165800e+09    8.968434e-02    2.460589e+20    2.958134e-04    1.479067e-03    3.818935e-04    1.909467e-03
7.197480e+09    8.967242e-02    2.447763e+20    2.950414e-04    1.475207e-03    3.808968e-04    1.904484e-03
7.229170e+09    8.966063e-02    2.435057e+20    2.942747e-04    1.471373e-03    3.799070e-04    1.899535e-03
7.260860e+09    8.964899e-02    2.422476e+20    2.935135e-04    1.467567e-03    3.789243e-04    1.894621e-03
7.292550e+09    8.963736e-02    2.410068e+20    2.927608e-04    1.463804e-03    3.779526e-04    1.889763e-03
7.324240e+09    8.962572e-02    2.397668e+20    2.920067e-04    1.460034e-03    3.769791e-04    1.884895e-03
7.355930e+09    8.961423e-02    2.385445e+20    2.912615e-04    1.456307e-03    3.760169e-04    1.880085e-03
7.387610e+09    8.960273e-02    2.373336e+20    2.905213e-04    1.452606e-03    3.750613e-04    1.875307e-03
7.419300e+09    8.959124e-02    2.361289e+20    2.897830e-04    1.448915e-03    3.741082e-04    1.870541e-03
7.450990e+09    8.957989e-02    2.349359e+20    2.890500e-04    1.445250e-03    3.731620e-04    1.865810e-03
7.482680e+09    8.956868e-02    2.337542e+20    2.883221e-04    1.441611e-03    3.722223e-04    1.861111e-03
7.514370e+09    8.955747e-02    2.325783e+20    2.875961e-04    1.437980e-03    3.712849e-04    1.856424e-03
7.546050e+09    8.954626e-02    2.314191e+20    2.868784e-04    1.434392e-03    3.703584e-04    1.851792e-03
7.577740e+09    8.953520e-02    2.302656e+20    2.861626e-04    1.430813e-03    3.694343e-04    1.847172e-03
7.609430e+09    8.952414e-02    2.291234e+20    2.854520e-04    1.427260e-03    3.685169e-04    1.842584e-03
7.641120e+09    8.951322e-02    2.279866e+20    2.847430e-04    1.423715e-03    3.676016e-04    1.838008e-03
7.672810e+09    8.950230e-02    2.268660e+20    2.840423e-04    1.420211e-03    3.666970e-04    1.833485e-03
7.704490e+09    8.949152e-02    2.257508e+20    2.833433e-04    1.416716e-03    3.657946e-04    1.828973e-03
7.736180e+09    8.948075e-02    2.246463e+20    2.826493e-04    1.413247e-03    3.648987e-04    1.824493e-03
7.767870e+09    8.946997e-02    2.235575e+20    2.819635e-04    1.409818e-03    3.640134e-04    1.820067e-03
7.799560e+09    8.945934e-02    2.224689e+20    2.812762e-04    1.406381e-03    3.631260e-04    1.815630e-03
7.831250e+09    8.944871e-02    2.213957e+20    2.805969e-04    1.402985e-03    3.622491e-04    1.811245e-03
7.862930e+09    8.943807e-02    2.203328e+20    2.799226e-04    1.399613e-03    3.613785e-04    1.806893e-03
7.894620e+09    8.942758e-02    2.192751e+20    2.792498e-04    1.396249e-03    3.605100e-04    1.802550e-03
7.926310e+09    8.941710e-02    2.182274e+20    2.785820e-04    1.392910e-03    3.596478e-04    1.798239e-03
7.958000e+09    8.940675e-02    2.171898e+20    2.779189e-04    1.389594e-03    3.587917e-04    1.793958e-03
7.989690e+09    8.939641e-02    2.161620e+20    2.772605e-04    1.386303e-03    3.579418e-04    1.789709e-03
8.021370e+09    8.938621e-02    2.151439e+20    2.766068e-04    1.383034e-03    3.570978e-04    1.785489e-03
8.053060e+09    8.937586e-02    2.141308e+20    2.759547e-04    1.379774e-03    3.562561e-04    1.781280e-03
8.084750e+09    8.936580e-02    2.131274e+20    2.753074e-04    1.376537e-03    3.554204e-04    1.777102e-03
8.116440e+09    8.935560e-02    2.121335e+20    2.746648e-04    1.373324e-03    3.545907e-04    1.772954e-03
8.148130e+09    8.934554e-02    2.111443e+20    2.740236e-04    1.370118e-03    3.537630e-04    1.768815e-03
8.179820e+09    8.933549e-02    2.101644e+20    2.733870e-04    1.366935e-03    3.529411e-04    1.764706e-03
8.211500e+09    8.932557e-02    2.091940e+20    2.727551e-04    1.363775e-03    3.521253e-04    1.760627e-03
8.243190e+09    8.931566e-02    2.082281e+20    2.721247e-04    1.360623e-03    3.513115e-04    1.756557e-03
8.274880e+09    8.930575e-02    2.072762e+20    2.715020e-04    1.357510e-03    3.505076e-04    1.752538e-03
8.306570e+09    8.929598e-02    2.063237e+20    2.708775e-04    1.354387e-03    3.497013e-04    1.748507e-03
8.338260e+09    8.928621e-02    2.053853e+20    2.702608e-04    1.351304e-03    3.489051e-04    1.744526e-03
8.369940e+09    8.927644e-02    2.044464e+20    2.696423e-04    1.348212e-03    3.481067e-04    1.740534e-03
8.401630e+09    8.926681e-02    2.035210e+20    2.690314e-04    1.345157e-03    3.473180e-04    1.736590e-03
8.433320e+09    8.925718e-02    2.026046e+20    2.684250e-04    1.342125e-03    3.465352e-04    1.732676e-03
8.465010e+09    8.924770e-02    2.016968e+20    2.678230e-04    1.339115e-03    3.457580e-04    1.728790e-03
8.496700e+09    8.923822e-02    2.007934e+20    2.672225e-04    1.336112e-03    3.449827e-04    1.724914e-03
8.528380e+09    8.922873e-02    1.998937e+20    2.666232e-04    1.333116e-03    3.442090e-04    1.721045e-03
8.560070e+09    8.921925e-02    1.990074e+20    2.660315e-04    1.330157e-03    3.434451e-04    1.717226e-03
8.591760e+09    8.920992e-02    1.981249e+20    2.654409e-04    1.327204e-03    3.426827e-04    1.713414e-03
8.623450e+09    8.920057e-02    1.972511e+20    2.648549e-04    1.324274e-03    3.419262e-04    1.709631e-03
8.655140e+09    8.919138e-02    1.963854e+20    2.642730e-04    1.321365e-03    3.411751e-04    1.705875e-03
8.686820e+09    8.918204e-02    1.955282e+20    2.636957e-04    1.318478e-03    3.404297e-04    1.702148e-03
8.718510e+09    8.917285e-02    1.946701e+20    2.631164e-04    1.315582e-03    3.396818e-04    1.698409e-03
8.750200e+09    8.916379e-02    1.938293e+20    2.625476e-04    1.312738e-03    3.389475e-04    1.694737e-03
8.781890e+09    8.915460e-02    1.929920e+20    2.619799e-04    1.309899e-03    3.382146e-04    1.691073e-03
8.813580e+09    8.914555e-02    1.921583e+20    2.614134e-04    1.307067e-03    3.374833e-04    1.687416e-03
8.845270e+09    8.913664e-02    1.913328e+20    2.608513e-04    1.304257e-03    3.367576e-04    1.683788e-03
8.876950e+09    8.912758e-02    1.905151e+20    2.602933e-04    1.301466e-03    3.360372e-04    1.680186e-03
8.908640e+09    8.911868e-02    1.897052e+20    2.597395e-04    1.298697e-03    3.353222e-04    1.676611e-03
8.940330e+09    8.910977e-02    1.888988e+20    2.591868e-04    1.295934e-03    3.346087e-04    1.673044e-03
8.972020e+09    8.910101e-02    1.881003e+20    2.586384e-04    1.293192e-03    3.339008e-04    1.669504e-03
9.003710e+09    8.909225e-02    1.873050e+20    2.580911e-04    1.290455e-03    3.331941e-04    1.665971e-03
9.035390e+09    8.908348e-02    1.865217e+20    2.575508e-04    1.287754e-03    3.324967e-04    1.662483e-03
9.067080e+09    8.907471e-02    1.857373e+20    2.570087e-04    1.285044e-03    3.317969e-04    1.658984e-03
9.098770e+09    8.906609e-02    1.849648e+20    2.564737e-04    1.282369e-03    3.311061e-04    1.655531e-03
9.130460e+09    8.905747e-02    1.841915e+20    2.559370e-04    1.279685e-03    3.304132e-04    1.652066e-03
9.162150e+09    8.904885e-02    1.834296e+20    2.554071e-04    1.277036e-03    3.297292e-04    1.648646e-03
9.193830e+09    8.904023e-02    1.826709e+20    2.548784e-04    1.274392e-03    3.290466e-04    1.645233e-03
9.225520e+09    8.903175e-02    1.819153e+20    2.543507e-04    1.271753e-03    3.283654e-04    1.641827e-03
9.257210e+09    8.902328e-02    1.811671e+20    2.538271e-04    1.269135e-03    3.276893e-04    1.638447e-03
9.288900e+09    8.901480e-02    1.804260e+20    2.533074e-04    1.266537e-03    3.270185e-04    1.635092e-03
9.320590e+09    8.900646e-02    1.796880e+20    2.527888e-04    1.263944e-03    3.263490e-04    1.631745e-03
9.352270e+09    8.899814e-02    1.789572e+20    2.522742e-04    1.261371e-03    3.256846e-04    1.628423e-03
9.383960e+09    8.898980e-02    1.782334e+20    2.517636e-04    1.258818e-03    3.250254e-04    1.625127e-03
9.415650e+09    8.898161e-02    1.775126e+20    2.512539e-04    1.256270e-03    3.243674e-04    1.621837e-03
9.447340e+09    8.897328e-02    1.767987e+20    2.507482e-04    1.253741e-03    3.237146e-04    1.618573e-03
9.479030e+09    8.896508e-02    1.760918e+20    2.502464e-04    1.251232e-03    3.230668e-04    1.615334e-03
9.510720e+09    8.895690e-02    1.753877e+20    2.497456e-04    1.248728e-03    3.224202e-04    1.612101e-03
9.542400e+09    8.894885e-02    1.746905e+20    2.492487e-04    1.246243e-03    3.217787e-04    1.608894e-03
9.574090e+09    8.894081e-02    1.740000e+20    2.487556e-04    1.243778e-03    3.211422e-04    1.605711e-03
9.605780e+09    8.893261e-02    1.733123e+20    2.482636e-04    1.241318e-03    3.205069e-04    1.602534e-03
9.637470e+09    8.892471e-02    1.726312e+20    2.477753e-04    1.238877e-03    3.198765e-04    1.599383e-03
9.669160e+09    8.891666e-02    1.719568e+20    2.472909e-04    1.236454e-03    3.192511e-04    1.596255e-03
9.700840e+09    8.890876e-02    1.712811e+20    2.468045e-04    1.234022e-03    3.186232e-04    1.593116e-03
9.732530e+09    8.890086e-02    1.706158e+20    2.463247e-04    1.231623e-03    3.180038e-04    1.590019e-03
9.764220e+09    8.889296e-02    1.699532e+20    2.458459e-04    1.229229e-03    3.173857e-04    1.586928e-03
9.795910e+09    8.888520e-02    1.692970e+20    2.453708e-04    1.226854e-03    3.167724e-04    1.583862e-03
9.827600e+09    8.887730e-02    1.686434e+20    2.448968e-04    1.224484e-03    3.161604e-04    1.580802e-03
9.859280e+09    8.886954e-02    1.679999e+20    2.444291e-04    1.222145e-03    3.155566e-04    1.577783e-03
9.890970e+09    8.886178e-02    1.675056e+20    2.440692e-04    1.220346e-03    3.150919e-04    1.575460e-03
9.922660e+09    8.885416e-02    1.670165e+20    2.437126e-04    1.218563e-03    3.146317e-04    1.573158e-03
9.954350e+09    8.884641e-02    1.665287e+20    2.433565e-04    1.216782e-03    3.141718e-04    1.570859e-03
9.986040e+09    8.883879e-02    1.660425e+20    2.430009e-04    1.215005e-03    3.137129e-04    1.568564e-03
1.001770e+10    8.883118e-02    1.655578e+20    2.426460e-04    1.213230e-03    3.132546e-04    1.566273e-03
1.004940e+10    8.882356e-02    1.650780e+20    2.422941e-04    1.211471e-03    3.128004e-04    1.564002e-03
1.008110e+10    8.881595e-02    1.645998e+20    2.419430e-04    1.209715e-03    3.123470e-04    1.561735e-03
1.011280e+10    8.880834e-02    1.641229e+20    2.415922e-04    1.207961e-03    3.118942e-04    1.559471e-03
1.014450e+10    8.880086e-02    1.636475e+20    2.412420e-04    1.206210e-03    3.114421e-04    1.557211e-03
1.017620e+10    8.879325e-02    1.631733e+20    2.408923e-04    1.204461e-03    3.109906e-04    1.554953e-03
1.020790e+10    8.878577e-02    1.627044e+20    2.405459e-04    1.202729e-03    3.105434e-04    1.552717e-03
1.023950e+10    8.877831e-02    1.622368e+20    2.402000e-04    1.201000e-03    3.100969e-04    1.550484e-03
1.027120e+10    8.877083e-02    1.617705e+20    2.398545e-04    1.199273e-03    3.096509e-04    1.548254e-03
1.030290e+10    8.876351e-02    1.613093e+20    2.395124e-04    1.197562e-03    3.092092e-04    1.546046e-03
1.033460e+10    8.875603e-02    1.608493e+20    2.391707e-04    1.195853e-03    3.087680e-04    1.543840e-03
1.036630e+10    8.874870e-02    1.603871e+20    2.388268e-04    1.194134e-03    3.083240e-04    1.541620e-03
1.039800e+10    8.874138e-02    1.599334e+20    2.384888e-04    1.192444e-03    3.078877e-04    1.539438e-03
1.042970e+10    8.873405e-02    1.594775e+20    2.381486e-04    1.190743e-03    3.074485e-04    1.537243e-03
1.046140e+10    8.872672e-02    1.590264e+20    2.378115e-04    1.189058e-03    3.070133e-04    1.535067e-03
1.049300e+10    8.871940e-02    1.585730e+20    2.374723e-04    1.187362e-03    3.065755e-04    1.532877e-03
1.052470e+10    8.871221e-02    1.581281e+20    2.371389e-04    1.185695e-03    3.061451e-04    1.530725e-03
1.055640e+10    8.870488e-02    1.576810e+20    2.368034e-04    1.184017e-03    3.057119e-04    1.528560e-03
1.058810e+10    8.869770e-02    1.572386e+20    2.364710e-04    1.182355e-03    3.052828e-04    1.526414e-03
1.061980e+10    8.869052e-02    1.567976e+20    2.361392e-04    1.180696e-03    3.048543e-04    1.524272e-03
1.065150e+10    8.868334e-02    1.563577e+20    2.358076e-04    1.179038e-03    3.044264e-04    1.522132e-03
1.068320e+10    8.867615e-02    1.559227e+20    2.354795e-04    1.177397e-03    3.040027e-04    1.520013e-03
1.071490e+10    8.866911e-02    1.554888e+20    2.351516e-04    1.175758e-03    3.035794e-04    1.517897e-03
1.074660e+10    8.866192e-02    1.550563e+20    2.348243e-04    1.174121e-03    3.031569e-04    1.515784e-03
1.077820e+10    8.865488e-02    1.546248e+20    2.344973e-04    1.172487e-03    3.027348e-04    1.513674e-03
1.080990e+10    8.864784e-02    1.541946e+20    2.341709e-04    1.170854e-03    3.023133e-04    1.511566e-03
1.084160e+10    8.864080e-02    1.537692e+20    2.338476e-04    1.169238e-03    3.018960e-04    1.509480e-03
1.087330e+10    8.863376e-02    1.533448e+20    2.335247e-04    1.167624e-03    3.014791e-04    1.507396e-03
1.090500e+10    8.862672e-02    1.529218e+20    2.332024e-04    1.166012e-03    3.010630e-04    1.505315e-03
1.093670e+10    8.861983e-02    1.525033e+20    2.328831e-04    1.164415e-03    3.006508e-04    1.503254e-03
1.096840e+10    8.861279e-02    1.520826e+20    2.325616e-04    1.162808e-03    3.002358e-04    1.501179e-03
1.100010e+10    8.860589e-02    1.516664e+20    2.322432e-04    1.161216e-03    2.998247e-04    1.499123e-03
1.103170e+10    8.859900e-02    1.512513e+20    2.319252e-04    1.159626e-03    2.994141e-04    1.497071e-03
1.106340e+10    8.859210e-02    1.508410e+20    2.316104e-04    1.158052e-03    2.990077e-04    1.495039e-03
1.109510e+10    8.858520e-02    1.504282e+20    2.312932e-04    1.156466e-03    2.985983e-04    1.492991e-03
1.112680e+10    8.857845e-02    1.500200e+20    2.309792e-04    1.154896e-03    2.981928e-04    1.490964e-03
1.115850e+10    8.857155e-02    1.496130e+20    2.306657e-04    1.153329e-03    2.977881e-04    1.488941e-03
1.119020e+10    8.856480e-02    1.492104e+20    2.303552e-04    1.151776e-03    2.973872e-04    1.486936e-03
1.122190e+10    8.855804e-02    1.488055e+20    2.300424e-04    1.150212e-03    2.969834e-04    1.484917e-03
1.125360e+10    8.855129e-02    1.484087e+20    2.297354e-04    1.148677e-03    2.965872e-04    1.482936e-03
1.128520e+10    8.854454e-02    1.480094e+20    2.294262e-04    1.147131e-03    2.961879e-04    1.480940e-03
1.131690e+10    8.853778e-02    1.476111e+20    2.291173e-04    1.145586e-03    2.957891e-04    1.478946e-03
1.134860e+10    8.853104e-02    1.472175e+20    2.288116e-04    1.144058e-03    2.953945e-04    1.476972e-03
1.138030e+10    8.852443e-02    1.468247e+20    2.285062e-04    1.142531e-03    2.950002e-04    1.475001e-03
1.141200e+10    8.851767e-02    1.464330e+20    2.282012e-04    1.141006e-03    2.946064e-04    1.473032e-03
1.144370e+10    8.851107e-02    1.460426e+20    2.278967e-04    1.139483e-03    2.942134e-04    1.471067e-03
1.147540e+10    8.850445e-02    1.456563e+20    2.275951e-04    1.137976e-03    2.938241e-04    1.469120e-03
1.150710e+10    8.849785e-02    1.452677e+20    2.272913e-04    1.136457e-03    2.934319e-04    1.467159e-03
1.153880e+10    8.849123e-02    1.448837e+20    2.269907e-04    1.134953e-03    2.930437e-04    1.465219e-03
1.157040e+10    8.848477e-02    1.445038e+20    2.266929e-04    1.133465e-03    2.926593e-04    1.463297e-03
1.160210e+10    8.847816e-02    1.441217e+20    2.263930e-04    1.131965e-03    2.922721e-04    1.461360e-03
1.163380e+10    8.847170e-02    1.437438e+20    2.260960e-04    1.130480e-03    2.918887e-04    1.459443e-03
1.166550e+10    8.846509e-02    1.433671e+20    2.257995e-04    1.128998e-03    2.915060e-04    1.457530e-03
1.169720e+10    8.845862e-02    1.429912e+20    2.255034e-04    1.127517e-03    2.911236e-04    1.455618e-03
1.172890e+10    8.845216e-02    1.426163e+20    2.252075e-04    1.126038e-03    2.907417e-04    1.453708e-03
1.176060e+10    8.844569e-02    1.422424e+20    2.249121e-04    1.124561e-03    2.903603e-04    1.451802e-03
1.179230e+10    8.843922e-02    1.418728e+20    2.246197e-04    1.123099e-03    2.899828e-04    1.449914e-03
1.182390e+10    8.843291e-02    1.415042e+20    2.243278e-04    1.121639e-03    2.896059e-04    1.448029e-03
1.185560e+10    8.842644e-02    1.411365e+20    2.240361e-04    1.120180e-03    2.892293e-04    1.446147e-03
1.188730e+10    8.842011e-02    1.407697e+20    2.237448e-04    1.118724e-03    2.888533e-04    1.444266e-03
1.191900e+10    8.841379e-02    1.404071e+20    2.234564e-04    1.117282e-03    2.884810e-04    1.442405e-03
1.195070e+10    8.840747e-02    1.400424e+20    2.231660e-04    1.115830e-03    2.881061e-04    1.440530e-03
1.198240e+10    8.840115e-02    1.396817e+20    2.228784e-04    1.114392e-03    2.877348e-04    1.438674e-03
1.201410e+10    8.839483e-02    1.393219e+20    2.225912e-04    1.112956e-03    2.873640e-04    1.436820e-03
1.204580e+10    8.838850e-02    1.389662e+20    2.223069e-04    1.111534e-03    2.869970e-04    1.434985e-03
1.207750e+10    8.838233e-02    1.386083e+20    2.220204e-04    1.110102e-03    2.866271e-04    1.433136e-03
1.210910e+10    8.837600e-02    1.382544e+20    2.217368e-04    1.108684e-03    2.862610e-04    1.431305e-03
1.214080e+10    8.836982e-02    1.379016e+20    2.214537e-04    1.107269e-03    2.858956e-04    1.429478e-03
1.217250e+10    8.836365e-02    1.375496e+20    2.211709e-04    1.105855e-03    2.855304e-04    1.427652e-03
1.220420e+10    8.835733e-02    1.372016e+20    2.208910e-04    1.104455e-03    2.851690e-04    1.425845e-03
1.223590e+10    8.835115e-02    1.368546e+20    2.206114e-04    1.103057e-03    2.848081e-04    1.424040e-03
1.226760e+10    8.834511e-02    1.365083e+20    2.203322e-04    1.101661e-03    2.844476e-04    1.422238e-03
1.229930e+10    8.833893e-02    1.361630e+20    2.200533e-04    1.100267e-03    2.840876e-04    1.420438e-03
1.233100e+10    8.833276e-02    1.358186e+20    2.197748e-04    1.098874e-03    2.837280e-04    1.418640e-03
1.236260e+10    8.832672e-02    1.354782e+20    2.194993e-04    1.097496e-03    2.833723e-04    1.416862e-03
1.239430e+10    8.832054e-02    1.351386e+20    2.192240e-04    1.096120e-03    2.830169e-04    1.415085e-03
1.242600e+10    8.831451e-02    1.347998e+20    2.189490e-04    1.094745e-03    2.826620e-04    1.413310e-03
1.245770e+10    8.830848e-02    1.344619e+20    2.186744e-04    1.093372e-03    2.823075e-04    1.411537e-03
1.248940e+10    8.830244e-02    1.341280e+20    2.184027e-04    1.092013e-03    2.819567e-04    1.409783e-03
1.252110e+10    8.829641e-02    1.337917e+20    2.181288e-04    1.090644e-03    2.816030e-04    1.408015e-03
1.255280e+10    8.829038e-02    1.334594e+20    2.178577e-04    1.089289e-03    2.812531e-04    1.406266e-03
1.258450e+10    8.828448e-02    1.331279e+20    2.175870e-04    1.087935e-03    2.809036e-04    1.404518e-03
1.261610e+10    8.827845e-02    1.328003e+20    2.173191e-04    1.086596e-03    2.805578e-04    1.402789e-03
1.264780e+10    8.827256e-02    1.324705e+20    2.170490e-04    1.085245e-03    2.802091e-04    1.401046e-03
1.267950e+10    8.826652e-02    1.321445e+20    2.167818e-04    1.083909e-03    2.798641e-04    1.399321e-03
1.271120e+10    8.826063e-02    1.318193e+20    2.165149e-04    1.082575e-03    2.795196e-04    1.397598e-03
1.274290e+10    8.825474e-02    1.314950e+20    2.162484e-04    1.081242e-03    2.791754e-04    1.395877e-03
1.277460e+10    8.824885e-02    1.311715e+20    2.159823e-04    1.079911e-03    2.788319e-04    1.394160e-03
1.280630e+10    8.824296e-02    1.308487e+20    2.157164e-04    1.078582e-03    2.784886e-04    1.392443e-03
1.283800e+10    8.823707e-02    1.305297e+20    2.154533e-04    1.077266e-03    2.781490e-04    1.390745e-03
1.286970e+10    8.823132e-02    1.302085e+20    2.151880e-04    1.075940e-03    2.778065e-04    1.389033e-03
1.290130e+10    8.822543e-02    1.298911e+20    2.149256e-04    1.074628e-03    2.774677e-04    1.387339e-03
1.293300e+10    8.821968e-02    1.295745e+20    2.146634e-04    1.073317e-03    2.771293e-04    1.385646e-03
1.296470e+10    8.821394e-02    1.292616e+20    2.144041e-04    1.072020e-03    2.767945e-04    1.383972e-03
1.299640e+10    8.820804e-02    1.289465e+20    2.141426e-04    1.070713e-03    2.764569e-04    1.382284e-03
1.302810e+10    8.820230e-02    1.286351e+20    2.138839e-04    1.069419e-03    2.761229e-04    1.380614e-03
1.305980e+10    8.819655e-02    1.283245e+20    2.136255e-04    1.068127e-03    2.757893e-04    1.378946e-03
1.309150e+10    8.819095e-02    1.280146e+20    2.133674e-04    1.066837e-03    2.754561e-04    1.377281e-03
1.312320e+10    8.818520e-02    1.277055e+20    2.131096e-04    1.065548e-03    2.751233e-04    1.375617e-03
1.315480e+10    8.817946e-02    1.274000e+20    2.128546e-04    1.064273e-03    2.747941e-04    1.373971e-03
1.318650e+10    8.817385e-02    1.270953e+20    2.125999e-04    1.062999e-03    2.744653e-04    1.372327e-03
1.321820e+10    8.816811e-02    1.267913e+20    2.123455e-04    1.061727e-03    2.741369e-04    1.370684e-03
1.324990e+10    8.816250e-02    1.264879e+20    2.120913e-04    1.060456e-03    2.738087e-04    1.369043e-03
1.328160e+10    8.815690e-02    1.261883e+20    2.118399e-04    1.059200e-03    2.734842e-04    1.367421e-03
1.331330e+10    8.815115e-02    1.258865e+20    2.115865e-04    1.057932e-03    2.731569e-04    1.365785e-03
1.334500e+10    8.814569e-02    1.255883e+20    2.113357e-04    1.056679e-03    2.728332e-04    1.364166e-03
1.337670e+10    8.814009e-02    1.252908e+20    2.110852e-04    1.055426e-03    2.725099e-04    1.362549e-03
1.340830e+10    8.813448e-02    1.249969e+20    2.108375e-04    1.054188e-03    2.721901e-04    1.360950e-03
1.344000e+10    8.812888e-02    1.247008e+20    2.105877e-04    1.052938e-03    2.718675e-04    1.359338e-03
1.347170e+10    8.812342e-02    1.244083e+20    2.103405e-04    1.051703e-03    2.715484e-04    1.357742e-03
1.350340e+10    8.811782e-02    1.241136e+20    2.100913e-04    1.050456e-03    2.712266e-04    1.356133e-03
1.353510e+10    8.811235e-02    1.238253e+20    2.098471e-04    1.049236e-03    2.709115e-04    1.354557e-03
1.356680e+10    8.810675e-02    1.235348e+20    2.096008e-04    1.048004e-03    2.705935e-04    1.352968e-03
1.359850e+10    8.810130e-02    1.232450e+20    2.093549e-04    1.046774e-03    2.702760e-04    1.351380e-03
1.363020e+10    8.809583e-02    1.229586e+20    2.091115e-04    1.045557e-03    2.699618e-04    1.349809e-03
1.366190e+10    8.809037e-02    1.226730e+20    2.088685e-04    1.044342e-03    2.696480e-04    1.348240e-03
1.369350e+10    8.808491e-02    1.223881e+20    2.086257e-04    1.043129e-03    2.693347e-04    1.346673e-03
1.372520e+10    8.807959e-02    1.221038e+20    2.083833e-04    1.041917e-03    2.690217e-04    1.345108e-03
1.375690e+10    8.807414e-02    1.218202e+20    2.081412e-04    1.040706e-03    2.687091e-04    1.343545e-03
1.378860e+10    8.806868e-02    1.215372e+20    2.078993e-04    1.039496e-03    2.683968e-04    1.341984e-03
1.382030e+10    8.806336e-02    1.212577e+20    2.076601e-04    1.038300e-03    2.680880e-04    1.340440e-03
1.385200e+10    8.805790e-02    1.209761e+20    2.074188e-04    1.037094e-03    2.677765e-04    1.338882e-03
1.388370e+10    8.805258e-02    1.206977e+20    2.071800e-04    1.035900e-03    2.674683e-04    1.337341e-03
1.391540e+10    8.804727e-02    1.204201e+20    2.069416e-04    1.034708e-03    2.671605e-04    1.335803e-03
1.394700e+10    8.804195e-02    1.201432e+20    2.067035e-04    1.033518e-03    2.668531e-04    1.334266e-03
1.397870e+10    8.803663e-02    1.198669e+20    2.064657e-04    1.032329e-03    2.665461e-04    1.332731e-03
1.401040e+10    8.803132e-02    1.195940e+20    2.062306e-04    1.031153e-03    2.662425e-04    1.331212e-03
1.404210e+10    8.802601e-02    1.193217e+20    2.059957e-04    1.029978e-03    2.659392e-04    1.329696e-03
1.407380e+10    8.802069e-02    1.190499e+20    2.057609e-04    1.028805e-03    2.656362e-04    1.328181e-03
1.410550e+10    8.801551e-02    1.187789e+20    2.055265e-04    1.027633e-03    2.653336e-04    1.326668e-03
1.413720e+10    8.801020e-02    1.185084e+20    2.052924e-04    1.026462e-03    2.650314e-04    1.325157e-03
1.416890e+10    8.800503e-02    1.182386e+20    2.050586e-04    1.025293e-03    2.647295e-04    1.323648e-03
1.420060e+10    8.799971e-02    1.179721e+20    2.048274e-04    1.024137e-03    2.644310e-04    1.322155e-03
1.423220e+10    8.799454e-02    1.177061e+20    2.045963e-04    1.022982e-03    2.641327e-04    1.320664e-03
1.426390e+10    8.798937e-02    1.174408e+20    2.043657e-04    1.021828e-03    2.638349e-04    1.319175e-03
1.429560e+10    8.798420e-02    1.171762e+20    2.041352e-04    1.020676e-03    2.635374e-04    1.317687e-03
1.432730e+10    8.797902e-02    1.169121e+20    2.039051e-04    1.019525e-03    2.632403e-04    1.316202e-03
1.435900e+10    8.797385e-02    1.166513e+20    2.036775e-04    1.018387e-03    2.629465e-04    1.314733e-03
1.439070e+10    8.796868e-02    1.163909e+20    2.034501e-04    1.017250e-03    2.626529e-04    1.313265e-03
1.442240e+10    8.796365e-02    1.161313e+20    2.032230e-04    1.016115e-03    2.623598e-04    1.311799e-03
1.445410e+10    8.795847e-02    1.158722e+20    2.029962e-04    1.014981e-03    2.620670e-04    1.310335e-03
1.448570e+10    8.795345e-02    1.156164e+20    2.027720e-04    1.013860e-03    2.617776e-04    1.308888e-03
1.451740e+10    8.794828e-02    1.153610e+20    2.025480e-04    1.012740e-03    2.614883e-04    1.307442e-03
1.454910e+10    8.794325e-02    1.151063e+20    2.023242e-04    1.011621e-03    2.611995e-04    1.305997e-03
1.458080e+10    8.793822e-02    1.148496e+20    2.020985e-04    1.010492e-03    2.609080e-04    1.304540e-03
1.461250e+10    8.793319e-02    1.145986e+20    2.018776e-04    1.009388e-03    2.606228e-04    1.303114e-03
1.464420e+10    8.792802e-02    1.143455e+20    2.016545e-04    1.008272e-03    2.603348e-04    1.301674e-03
1.467590e+10    8.792313e-02    1.140931e+20    2.014318e-04    1.007159e-03    2.600473e-04    1.300236e-03
1.470760e+10    8.791810e-02    1.138438e+20    2.012116e-04    1.006058e-03    2.597631e-04    1.298815e-03
1.473920e+10    8.791308e-02    1.135950e+20    2.009916e-04    1.004958e-03    2.594790e-04    1.297395e-03
1.477090e+10    8.790805e-02    1.133468e+20    2.007719e-04    1.003859e-03    2.591954e-04    1.295977e-03
1.480260e+10    8.790316e-02    1.130992e+20    2.005525e-04    1.002762e-03    2.589121e-04    1.294561e-03
1.483430e+10    8.789813e-02    1.128521e+20    2.003333e-04    1.001666e-03    2.586291e-04    1.293146e-03
1.486600e+10    8.789324e-02    1.126080e+20    2.001165e-04    1.000583e-03    2.583493e-04    1.291747e-03
1.489770e+10    8.788822e-02    1.123620e+20    1.998978e-04    9.994889e-04    2.580669e-04    1.290335e-03
1.492940e+10    8.788334e-02    1.121191e+20    1.996816e-04    9.984080e-04    2.577878e-04    1.288939e-03
1.496110e+10    8.787845e-02    1.118766e+20    1.994655e-04    9.973277e-04    2.575089e-04    1.287545e-03
1.499280e+10    8.787356e-02    1.116347e+20    1.992498e-04    9.962491e-04    2.572304e-04    1.286152e-03
1.502440e+10    8.786853e-02    1.113934e+20    1.990343e-04    9.951717e-04    2.569522e-04    1.284761e-03
