1.584400e+03    1.210532e+00    1.127092e+25    6.331083e-02    3.165541e-01    8.173393e-02    4.086696e-01
3.168810e+03    1.168744e+00    1.042676e+25    6.089379e-02    3.044689e-01    7.861354e-02    3.930677e-01
4.753210e+03    1.132639e+00    9.725888e+24    5.881159e-02    2.940580e-01    7.592544e-02    3.796272e-01
6.337620e+03    1.100986e+00    9.133333e+24    5.699188e-02    2.849594e-01    7.357620e-02    3.678810e-01
7.922020e+03    1.072899e+00    8.623812e+24    5.537936e-02    2.768968e-01    7.149445e-02    3.574723e-01
9.506430e+03    1.047731e+00    8.180867e+24    5.393839e-02    2.696919e-01    6.963416e-02    3.481708e-01
1.109080e+04    1.024986e+00    7.791109e+24    5.263783e-02    2.631891e-01    6.795514e-02    3.397757e-01
1.267520e+04    1.004274e+00    7.444907e+24    5.145504e-02    2.572752e-01    6.642818e-02    3.321409e-01
1.425960e+04    9.852917e-01    7.134924e+24    5.037244e-02    2.518622e-01    6.503054e-02    3.251527e-01
1.584400e+04    9.677888e-01    6.855029e+24    4.937453e-02    2.468726e-01    6.374225e-02    3.187112e-01
1.742840e+04    9.515704e-01    6.600993e+24    4.845102e-02    2.422551e-01    6.255000e-02    3.127500e-01
1.901290e+04    9.364741e-01    6.368970e+24    4.759189e-02    2.379594e-01    6.144086e-02    3.072043e-01
2.059730e+04    9.222083e-01    6.188413e+24    4.691243e-02    2.345622e-01    6.056369e-02    3.028185e-01
2.218170e+04    9.086710e-01    6.042119e+24    4.635461e-02    2.317731e-01    5.984355e-02    2.992177e-01
2.376610e+04    8.958506e-01    5.904720e+24    4.582452e-02    2.291226e-01    5.915921e-02    2.957960e-01
2.535050e+04    8.836853e-01    5.775230e+24    4.531928e-02    2.265964e-01    5.850694e-02    2.925347e-01
2.693490e+04    8.721178e-01    5.653003e+24    4.483714e-02    2.241857e-01    5.788450e-02    2.894225e-01
2.851930e+04    8.611020e-01    5.537444e+24    4.437649e-02    2.218825e-01    5.728981e-02    2.864490e-01
3.010370e+04    8.505891e-01    5.427993e+24    4.393574e-02    2.196787e-01    5.672080e-02    2.836040e-01
3.168810e+04    8.405431e-01    5.323892e+24    4.351239e-02    2.175620e-01    5.617425e-02    2.808713e-01
3.327250e+04    8.309296e-01    5.224915e+24    4.310602e-02    2.155301e-01    5.564964e-02    2.782482e-01
3.485690e+04    8.217184e-01    5.130613e+24    4.271525e-02    2.135762e-01    5.514515e-02    2.757257e-01
3.644130e+04    8.128807e-01    5.040682e+24    4.233923e-02    2.116961e-01    5.465971e-02    2.732986e-01
3.802570e+04    8.043937e-01    4.954722e+24    4.197667e-02    2.098833e-01    5.419165e-02    2.709582e-01
3.961010e+04    7.962327e-01    4.872583e+24    4.162727e-02    2.081363e-01    5.374057e-02    2.687029e-01
4.119450e+04    7.883779e-01    4.794014e+24    4.129029e-02    2.064515e-01    5.330554e-02    2.665277e-01
4.277890e+04    7.808089e-01    4.718557e+24    4.096405e-02    2.048203e-01    5.288437e-02    2.644218e-01
4.436330e+04    7.735129e-01    4.646215e+24    4.064882e-02    2.032441e-01    5.247740e-02    2.623870e-01
4.598740e+04    7.662974e-01    4.575086e+24    4.033647e-02    2.016824e-01    5.207417e-02    2.603708e-01
4.765230e+04    7.591652e-01    4.505046e+24    4.002653e-02    2.001326e-01    5.167403e-02    2.583701e-01
4.935890e+04    7.521135e-01    4.436182e+24    3.971943e-02    1.985971e-01    5.127756e-02    2.563878e-01
5.110830e+04    7.451423e-01    4.368470e+24    3.941513e-02    1.970756e-01    5.088472e-02    2.544236e-01
5.290140e+04    7.382471e-01    4.301791e+24    3.911317e-02    1.955658e-01    5.049488e-02    2.524744e-01
5.473930e+04    7.314310e-01    4.236228e+24    3.881396e-02    1.940698e-01    5.010861e-02    2.505430e-01
5.662300e+04    7.246911e-01    4.171856e+24    3.851793e-02    1.925897e-01    4.972644e-02    2.486322e-01
5.855360e+04    7.180259e-01    4.108368e+24    3.822372e-02    1.911186e-01    4.934662e-02    2.467331e-01
6.053230e+04    7.114296e-01    4.047895e+24    3.794136e-02    1.897068e-01    4.898209e-02    2.449105e-01
6.255910e+04    7.049037e-01    3.988865e+24    3.766370e-02    1.883185e-01    4.862363e-02    2.431181e-01
6.463500e+04    6.984497e-01    3.930966e+24    3.738935e-02    1.869468e-01    4.826945e-02    2.413472e-01
6.676090e+04    6.920646e-01    3.873997e+24    3.711743e-02    1.855872e-01    4.791840e-02    2.395920e-01
6.893790e+04    6.857486e-01    3.818029e+24    3.684834e-02    1.842417e-01    4.757101e-02    2.378550e-01
7.116720e+04    6.795000e-01    3.763131e+24    3.658247e-02    1.829123e-01    4.722776e-02    2.361388e-01
7.344980e+04    6.733190e-01    3.709278e+24    3.631976e-02    1.815988e-01    4.688861e-02    2.344431e-01
7.578690e+04    6.672026e-01    3.656447e+24    3.606019e-02    1.803009e-01    4.655350e-02    2.327675e-01
7.817940e+04    6.611494e-01    3.604451e+24    3.580287e-02    1.790144e-01    4.622131e-02    2.311066e-01
8.062860e+04    6.551595e-01    3.553525e+24    3.554905e-02    1.777452e-01    4.589363e-02    2.294681e-01
8.313570e+04    6.492313e-01    3.503477e+24    3.529783e-02    1.764891e-01    4.556930e-02    2.278465e-01
8.570180e+04    6.433635e-01    3.454374e+24    3.504959e-02    1.752480e-01    4.524883e-02    2.262442e-01
8.832820e+04    6.375546e-01    3.406114e+24    3.480390e-02    1.740195e-01    4.493164e-02    2.246582e-01
9.101600e+04    6.318061e-01    3.358685e+24    3.456073e-02    1.728037e-01    4.461771e-02    2.230886e-01
9.376650e+04    6.261149e-01    3.312298e+24    3.432124e-02    1.716062e-01    4.430853e-02    2.215427e-01
9.658100e+04    6.204813e-01    3.266625e+24    3.408380e-02    1.704190e-01    4.400199e-02    2.200100e-01
9.946070e+04    6.149023e-01    3.221805e+24    3.384917e-02    1.692458e-01    4.369908e-02    2.184954e-01
1.024070e+05    6.093793e-01    3.177820e+24    3.361731e-02    1.680866e-01    4.339976e-02    2.169988e-01
1.054210e+05    6.039124e-01    3.134652e+24    3.338820e-02    1.669410e-01    4.310398e-02    2.155199e-01
1.085040e+05    5.984971e-01    3.092284e+24    3.316179e-02    1.658090e-01    4.281169e-02    2.140585e-01
1.116580e+05    5.931365e-01    3.050698e+24    3.293806e-02    1.646903e-01    4.252285e-02    2.126142e-01
1.148840e+05    5.878276e-01    3.009811e+24    3.271658e-02    1.635829e-01    4.223692e-02    2.111846e-01
1.181830e+05    5.825718e-01    2.969815e+24    3.249848e-02    1.624924e-01    4.195535e-02    2.097768e-01
1.215560e+05    5.773664e-01    2.930417e+24    3.228219e-02    1.614110e-01    4.167613e-02    2.083807e-01
1.250060e+05    5.722127e-01    2.891873e+24    3.206918e-02    1.603459e-01    4.140114e-02    2.070057e-01
1.285330e+05    5.671092e-01    2.853969e+24    3.185833e-02    1.592916e-01    4.112892e-02    2.056446e-01
1.321400e+05    5.620561e-01    2.816756e+24    3.164994e-02    1.582497e-01    4.085990e-02    2.042995e-01
1.358260e+05    5.570532e-01    2.780285e+24    3.144438e-02    1.572219e-01    4.059452e-02    2.029726e-01
1.395950e+05    5.520991e-01    2.744539e+24    3.124158e-02    1.562079e-01    4.033271e-02    2.016635e-01
1.434470e+05    5.471939e-01    2.709439e+24    3.104116e-02    1.552058e-01    4.007397e-02    2.003699e-01
1.473840e+05    5.423362e-01    2.675034e+24    3.084345e-02    1.542172e-01    3.981872e-02    1.990936e-01
1.514070e+05    5.375273e-01    2.641370e+24    3.064876e-02    1.532438e-01    3.956738e-02    1.978369e-01
1.555180e+05    5.327658e-01    2.608311e+24    3.045636e-02    1.522818e-01    3.931899e-02    1.965950e-01
1.597180e+05    5.280503e-01    2.575962e+24    3.026691e-02    1.513345e-01    3.907441e-02    1.953720e-01
1.640090e+05    5.233822e-01    2.544247e+24    3.008001e-02    1.504000e-01    3.883312e-02    1.941656e-01
1.683930e+05    5.187730e-01    2.501781e+24    2.982792e-02    1.491396e-01    3.850768e-02    1.925384e-01
1.728900e+05    5.142112e-01    2.459797e+24    2.957658e-02    1.478829e-01    3.818320e-02    1.909160e-01
1.775050e+05    5.096925e-01    2.418463e+24    2.932702e-02    1.466351e-01    3.786103e-02    1.893051e-01
1.822400e+05    5.052169e-01    2.377821e+24    2.907957e-02    1.453978e-01    3.754156e-02    1.877078e-01
1.870980e+05    5.007830e-01    2.337757e+24    2.883354e-02    1.441677e-01    3.722395e-02    1.861197e-01
1.920840e+05    4.963937e-01    2.298367e+24    2.858959e-02    1.429480e-01    3.690901e-02    1.845450e-01
1.972000e+05    4.920431e-01    2.259536e+24    2.834706e-02    1.417353e-01    3.659589e-02    1.829795e-01
2.024500e+05    4.877342e-01    2.221311e+24    2.810625e-02    1.405313e-01    3.628502e-02    1.814251e-01
2.078370e+05    4.834655e-01    2.183631e+24    2.786685e-02    1.393343e-01    3.597595e-02    1.798798e-01
2.133660e+05    4.792356e-01    2.146542e+24    2.762918e-02    1.381459e-01    3.566912e-02    1.783456e-01
2.190400e+05    4.750431e-01    2.109936e+24    2.739258e-02    1.369629e-01    3.536367e-02    1.768183e-01
2.248630e+05    4.708894e-01    2.073907e+24    2.715770e-02    1.357885e-01    3.506044e-02    1.753022e-01
2.308400e+05    4.667730e-01    2.038353e+24    2.692390e-02    1.346195e-01    3.475861e-02    1.737930e-01
2.369750e+05    4.626940e-01    2.003361e+24    2.669180e-02    1.334590e-01    3.445897e-02    1.722948e-01
2.432720e+05    4.586509e-01    1.968834e+24    2.646080e-02    1.323040e-01    3.416074e-02    1.708037e-01
2.497350e+05    4.546437e-01    1.934858e+24    2.623149e-02    1.311574e-01    3.386470e-02    1.693235e-01
2.563700e+05    4.506738e-01    1.901338e+24    2.600327e-02    1.300164e-01    3.357008e-02    1.678504e-01
2.631820e+05    4.467385e-01    1.868398e+24    2.577704e-02    1.288852e-01    3.327801e-02    1.663901e-01
2.701750e+05    4.428377e-01    1.835859e+24    2.555159e-02    1.277579e-01    3.298696e-02    1.649348e-01
2.773540e+05    4.389713e-01    1.803804e+24    2.532754e-02    1.266377e-01    3.269771e-02    1.634886e-01
2.847260e+05    4.351408e-01    1.772268e+24    2.510516e-02    1.255258e-01    3.241062e-02    1.620531e-01
2.922940e+05    4.313448e-01    1.741202e+24    2.488416e-02    1.244208e-01    3.212531e-02    1.606265e-01
3.000660e+05    4.275819e-01    1.710564e+24    2.466425e-02    1.233212e-01    3.184141e-02    1.592070e-01
3.080460e+05    4.238549e-01    1.680464e+24    2.444629e-02    1.222314e-01    3.156002e-02    1.578001e-01
3.162410e+05    4.201609e-01    1.650780e+24    2.422942e-02    1.211471e-01    3.128004e-02    1.564002e-01
3.246560e+05    4.165000e-01    1.621583e+24    2.401419e-02    1.200709e-01    3.100218e-02    1.550109e-01
3.332980e+05    4.128736e-01    1.592830e+24    2.380033e-02    1.190017e-01    3.072609e-02    1.536305e-01
3.421730e+05    4.092802e-01    1.564513e+24    2.358783e-02    1.179391e-01    3.045176e-02    1.522588e-01
3.512890e+05    4.057198e-01    1.536665e+24    2.337695e-02    1.168848e-01    3.017952e-02    1.508976e-01
3.606510e+05    4.021940e-01    1.509243e+24    2.316744e-02    1.158372e-01    2.990903e-02    1.495451e-01
3.702660e+05    3.986997e-01    1.482243e+24    2.295927e-02    1.147963e-01    2.964028e-02    1.482014e-01
3.801430e+05    3.952385e-01    1.455691e+24    2.275270e-02    1.137635e-01    2.937361e-02    1.468680e-01
3.902880e+05    3.918103e-01    1.429550e+24    2.254748e-02    1.127374e-01    2.910867e-02    1.455433e-01
4.007090e+05    3.884152e-01    1.403813e+24    2.234359e-02    1.117179e-01    2.884545e-02    1.442273e-01
4.114130e+05    3.850517e-01    1.378508e+24    2.214129e-02    1.107064e-01    2.858428e-02    1.429214e-01
4.224100e+05    3.817184e-01    1.353565e+24    2.194007e-02    1.097003e-01    2.832450e-02    1.416225e-01
4.337060e+05    3.784181e-01    1.329044e+24    2.174042e-02    1.087021e-01    2.806677e-02    1.403338e-01
4.453120e+05    3.751480e-01    1.304936e+24    2.154235e-02    1.077117e-01    2.781105e-02    1.390552e-01
4.572340e+05    3.719095e-01    1.281207e+24    2.134558e-02    1.067279e-01    2.755702e-02    1.377851e-01
4.694840e+05    3.686997e-01    1.257822e+24    2.114988e-02    1.057494e-01    2.730438e-02    1.365219e-01
4.820700e+05    3.655201e-01    1.234836e+24    2.095573e-02    1.047787e-01    2.705374e-02    1.352687e-01
4.950010e+05    3.623693e-01    1.212186e+24    2.076266e-02    1.038133e-01    2.680448e-02    1.340224e-01
5.082890e+05    3.592471e-01    1.189897e+24    2.057088e-02    1.028544e-01    2.655690e-02    1.327845e-01
5.219440e+05    3.561537e-01    1.167963e+24    2.038041e-02    1.019020e-01    2.631100e-02    1.315550e-01
5.359750e+05    3.530862e-01    1.146382e+24    2.019124e-02    1.009562e-01    2.606678e-02    1.303339e-01
5.503950e+05    3.500460e-01    1.125096e+24    2.000290e-02    1.000145e-01    2.582364e-02    1.291182e-01
5.652160e+05    3.470330e-01    1.104178e+24    1.981609e-02    9.908044e-02    2.558246e-02    1.279123e-01
5.804480e+05    3.440460e-01    1.083551e+24    1.963012e-02    9.815061e-02    2.534238e-02    1.267119e-01
5.961050e+05    3.410848e-01    1.063235e+24    1.944523e-02    9.722613e-02    2.510368e-02    1.255184e-01
6.122000e+05    3.381480e-01    1.043228e+24    1.926141e-02    9.630704e-02    2.486637e-02    1.243318e-01
6.287460e+05    3.352356e-01    1.023503e+24    1.907844e-02    9.539223e-02    2.463017e-02    1.231508e-01
6.457570e+05    3.323477e-01    1.004059e+24    1.889635e-02    9.448175e-02    2.439508e-02    1.219754e-01
6.632480e+05    3.294842e-01    9.848936e+23    1.871514e-02    9.357567e-02    2.416114e-02    1.208057e-01
6.812350e+05    3.266451e-01    9.660272e+23    1.853502e-02    9.267508e-02    2.392860e-02    1.196430e-01
6.997320e+05    3.238290e-01    9.474348e+23    1.835579e-02    9.177893e-02    2.369722e-02    1.184861e-01
7.187570e+05    3.210374e-01    9.290931e+23    1.817724e-02    9.088620e-02    2.346672e-02    1.173336e-01
7.383250e+05    3.182672e-01    9.110440e+23    1.799981e-02    8.999906e-02    2.323766e-02    1.161883e-01
7.584550e+05    3.155216e-01    8.932421e+23    1.782309e-02    8.911543e-02    2.300950e-02    1.150475e-01
7.791650e+05    3.128003e-01    8.757279e+23    1.764749e-02    8.823744e-02    2.278281e-02    1.139141e-01
8.004720e+05    3.101006e-01    8.584783e+23    1.747282e-02    8.736410e-02    2.255731e-02    1.127866e-01
8.223980e+05    3.074253e-01    8.414905e+23    1.729908e-02    8.649538e-02    2.233301e-02    1.116651e-01
8.449600e+05    3.047730e-01    8.247633e+23    1.712628e-02    8.563139e-02    2.210993e-02    1.105496e-01
8.681800e+05    3.021437e-01    8.083313e+23    1.695481e-02    8.477407e-02    2.188857e-02    1.094428e-01
8.920790e+05    2.995388e-01    7.921535e+23    1.678429e-02    8.392145e-02    2.166843e-02    1.083421e-01
9.166780e+05    2.969569e-01    7.762459e+23    1.661491e-02    8.307455e-02    2.144976e-02    1.072488e-01
9.419990e+05    2.943980e-01    7.606226e+23    1.644686e-02    8.223429e-02    2.123280e-02    1.061640e-01
9.680650e+05    2.918635e-01    7.448336e+23    1.627526e-02    8.137630e-02    2.101127e-02    1.050564e-01
9.949140e+05    2.893520e-01    7.292883e+23    1.610453e-02    8.052263e-02    2.079085e-02    1.039543e-01
1.022570e+06    2.868635e-01    7.140019e+23    1.593485e-02    7.967425e-02    2.057180e-02    1.028590e-01
1.051070e+06    2.843980e-01    6.989550e+23    1.576605e-02    7.883025e-02    2.035388e-02    1.017694e-01
1.080430e+06    2.819555e-01    6.841467e+23    1.559814e-02    7.799072e-02    2.013712e-02    1.006856e-01
1.110690e+06    2.795345e-01    6.695903e+23    1.543131e-02    7.715657e-02    1.992174e-02    9.960870e-02
1.141880e+06    2.771351e-01    6.552534e+23    1.526522e-02    7.632608e-02    1.970731e-02    9.853655e-02
1.174020e+06    2.747572e-01    6.411347e+23    1.509986e-02    7.549931e-02    1.949384e-02    9.746919e-02
1.207150e+06    2.723994e-01    6.272190e+23    1.493509e-02    7.467546e-02    1.928112e-02    9.640561e-02
1.241310e+06    2.700632e-01    6.135350e+23    1.477128e-02    7.385638e-02    1.906964e-02    9.534817e-02
1.276540e+06    2.677471e-01    6.000388e+23    1.460791e-02    7.303953e-02    1.885873e-02    9.429363e-02
1.312870e+06    2.654497e-01    5.867448e+23    1.444518e-02    7.222590e-02    1.864865e-02    9.324323e-02
1.350350e+06    2.631724e-01    5.736266e+23    1.428279e-02    7.141393e-02    1.843900e-02    9.219499e-02
1.389010e+06    2.609138e-01    5.606982e+23    1.412092e-02    7.060458e-02    1.823003e-02    9.115012e-02
1.428910e+06    2.586738e-01    5.479478e+23    1.395944e-02    6.979719e-02    1.802156e-02    9.010778e-02
1.470090e+06    2.564526e-01    5.353642e+23    1.379822e-02    6.899108e-02    1.781342e-02    8.906711e-02
1.512600e+06    2.542486e-01    5.229731e+23    1.363760e-02    6.818800e-02    1.760607e-02    8.803034e-02
1.556500e+06    2.520647e-01    5.107510e+23    1.347730e-02    6.738650e-02    1.739912e-02    8.699560e-02
1.601840e+06    2.498965e-01    4.986883e+23    1.331720e-02    6.658600e-02    1.719243e-02    8.596215e-02
1.648670e+06    2.477471e-01    4.869779e+23    1.315991e-02    6.579955e-02    1.698937e-02    8.494686e-02
1.697050e+06    2.456149e-01    4.754657e+23    1.300343e-02    6.501715e-02    1.678736e-02    8.393678e-02
1.747030e+06    2.435014e-01    4.641189e+23    1.284733e-02    6.423666e-02    1.658583e-02    8.292917e-02
1.798680e+06    2.414037e-01    4.529385e+23    1.269164e-02    6.345822e-02    1.638484e-02    8.192421e-02
1.852060e+06    2.393261e-01    4.419155e+23    1.253626e-02    6.268129e-02    1.618424e-02    8.092120e-02
1.907250e+06    2.372644e-01    4.310516e+23    1.238121e-02    6.190603e-02    1.598407e-02    7.992034e-02
1.964320e+06    2.352227e-01    4.203579e+23    1.222666e-02    6.113331e-02    1.578455e-02    7.892277e-02
2.023350e+06    2.331983e-01    4.098258e+23    1.207252e-02    6.036260e-02    1.558556e-02    7.792779e-02
2.084420e+06    2.311911e-01    3.994563e+23    1.191881e-02    5.959405e-02    1.538712e-02    7.693559e-02
2.147620e+06    2.292026e-01    3.892505e+23    1.176557e-02    5.882784e-02    1.518928e-02    7.594642e-02
2.213050e+06    2.272313e-01    3.792008e+23    1.161269e-02    5.806347e-02    1.499192e-02    7.495961e-02
2.280780e+06    2.252787e-01    3.693084e+23    1.146022e-02    5.730109e-02    1.479508e-02    7.397539e-02
2.350940e+06    2.233434e-01    3.595748e+23    1.130819e-02    5.654092e-02    1.459880e-02    7.299402e-02
2.423620e+06    2.214267e-01    3.499768e+23    1.115624e-02    5.578121e-02    1.440265e-02    7.201323e-02
2.498940e+06    2.195259e-01    3.405252e+23    1.100457e-02    5.502283e-02    1.420683e-02    7.103417e-02
2.577020e+06    2.176408e-01    3.312221e+23    1.085320e-02    5.426602e-02    1.401143e-02    7.005714e-02
2.657990e+06    2.157744e-01    3.220396e+23    1.070170e-02    5.350852e-02    1.381584e-02    6.907920e-02
2.741980e+06    2.139224e-01    3.129892e+23    1.055026e-02    5.275128e-02    1.362032e-02    6.810161e-02
2.829160e+06    2.120876e-01    3.040600e+23    1.039867e-02    5.199336e-02    1.342463e-02    6.712315e-02
2.919670e+06    2.102672e-01    2.952496e+23    1.024691e-02    5.123455e-02    1.322871e-02    6.614352e-02
3.013690e+06    2.084641e-01    2.864041e+23    1.009225e-02    5.046124e-02    1.302904e-02    6.514518e-02
3.111450e+06    2.066782e-01    2.773380e+23    9.931228e-03    4.965614e-02    1.282116e-02    6.410580e-02
3.213280e+06    2.049081e-01    2.684474e+23    9.770750e-03    4.885375e-02    1.261398e-02    6.306992e-02
3.319390e+06    2.031537e-01    2.597223e+23    9.610654e-03    4.805327e-02    1.240730e-02    6.203650e-02
3.430010e+06    2.014138e-01    2.511767e+23    9.451222e-03    4.725611e-02    1.220147e-02    6.100738e-02
3.545380e+06    1.996896e-01    2.428172e+23    9.292616e-03    4.646308e-02    1.199672e-02    5.998358e-02
3.665760e+06    1.979813e-01    2.346330e+23    9.134671e-03    4.567335e-02    1.179281e-02    5.896405e-02
3.791400e+06    1.962873e-01    2.266362e+23    8.977655e-03    4.488827e-02    1.159010e-02    5.795051e-02
3.922610e+06    1.946106e-01    2.188211e+23    8.821510e-03    4.410755e-02    1.138852e-02    5.694260e-02
4.059670e+06    1.929483e-01    2.111929e+23    8.666385e-03    4.333192e-02    1.118825e-02    5.594127e-02
4.202910e+06    1.913017e-01    2.037461e+23    8.512223e-03    4.256111e-02    1.098923e-02    5.494616e-02
4.352660e+06    1.896710e-01    1.964804e+23    8.359069e-03    4.179534e-02    1.079151e-02    5.395755e-02
4.509280e+06    1.880532e-01    1.894782e+23    8.208767e-03    4.104384e-02    1.059747e-02    5.298736e-02
4.673090e+06    1.864512e-01    1.826414e+23    8.059311e-03    4.029656e-02    1.040453e-02    5.202263e-02
4.844490e+06    1.848635e-01    1.759540e+23    7.910390e-03    3.955195e-02    1.021227e-02    5.106135e-02
5.023930e+06    1.832902e-01    1.694062e+23    7.761809e-03    3.880904e-02    1.002045e-02    5.010226e-02
5.211910e+06    1.817299e-01    1.629894e+23    7.613388e-03    3.806694e-02    9.828842e-03    4.914421e-02
5.408970e+06    1.801839e-01    1.567001e+23    7.465054e-03    3.732527e-02    9.637343e-03    4.818671e-02
5.615690e+06    1.786523e-01    1.505321e+23    7.316660e-03    3.658330e-02    9.445768e-03    4.722884e-02
5.832730e+06    1.771322e-01    1.444805e+23    7.168082e-03    3.584041e-02    9.253954e-03    4.626977e-02
6.060800e+06    1.756264e-01    1.385445e+23    7.019287e-03    3.509643e-02    9.061860e-03    4.530930e-02
6.300680e+06    1.741365e-01    1.325315e+23    6.865274e-03    3.432637e-02    8.863031e-03    4.431516e-02
6.553590e+06    1.726609e-01    1.264676e+23    6.706376e-03    3.353188e-02    8.657894e-03    4.328947e-02
6.820890e+06    1.711997e-01    1.205450e+23    6.547462e-03    3.273731e-02    8.452737e-03    4.226368e-02
7.103720e+06    1.697514e-01    1.147676e+23    6.388632e-03    3.194316e-02    8.247689e-03    4.123844e-02
7.403320e+06    1.683175e-01    1.091439e+23    6.230142e-03    3.115071e-02    8.043079e-03    4.021540e-02
7.721040e+06    1.668980e-01    1.036763e+23    6.072087e-03    3.036043e-02    7.839030e-03    3.919515e-02
8.058360e+06    1.654914e-01    9.836471e+22    5.914499e-03    2.957250e-02    7.635586e-03    3.817793e-02
8.416920e+06    1.640977e-01    9.331021e+22    5.760536e-03    2.880268e-02    7.436820e-03    3.718410e-02
8.798110e+06    1.627184e-01    8.843195e+22    5.607934e-03    2.803967e-02    7.239812e-03    3.619906e-02
9.203740e+06    1.613535e-01    8.371037e+22    5.456171e-03    2.728085e-02    7.043886e-03    3.521943e-02
9.635880e+06    1.600014e-01    7.914607e+22    5.305337e-03    2.652669e-02    6.849161e-03    3.424580e-02
1.009680e+07    1.586624e-01    7.473592e+22    5.155408e-03    2.577704e-02    6.655603e-03    3.327801e-02
1.058900e+07    1.573376e-01    7.048219e+22    5.006544e-03    2.503272e-02    6.463420e-03    3.231710e-02
1.111540e+07    1.560230e-01    6.647513e+22    4.862145e-03    2.431072e-02    6.277002e-03    3.138501e-02
1.167810e+07    1.547227e-01    6.261656e+22    4.718923e-03    2.359462e-02    6.092104e-03    3.046052e-02
1.228060e+07    1.534353e-01    5.890055e+22    4.576758e-03    2.288379e-02    5.908570e-03    2.954285e-02
1.292640e+07    1.521609e-01    5.532346e+22    4.435606e-03    2.217803e-02    5.726343e-03    2.863172e-02
1.361980e+07    1.509009e-01    5.188229e+22    4.295442e-03    2.147721e-02    5.545392e-03    2.772696e-02
1.436530e+07    1.496494e-01    4.867985e+22    4.160763e-03    2.080381e-02    5.371521e-03    2.685761e-02
1.516660e+07    1.484095e-01    4.567508e+22    4.030306e-03    2.015153e-02    5.203102e-03    2.601551e-02
1.602760e+07    1.471810e-01    4.277394e+22    3.900210e-03    1.950105e-02    5.035149e-03    2.517574e-02
1.695480e+07    1.459670e-01    3.997048e+22    3.770231e-03    1.885116e-02    4.867348e-03    2.433674e-02
1.795520e+07    1.447658e-01    3.725969e+22    3.640138e-03    1.820069e-02    4.699399e-03    2.349699e-02
1.903730e+07    1.435760e-01    3.465128e+22    3.510411e-03    1.755205e-02    4.531921e-03    2.265960e-02
2.021050e+07    1.423988e-01    3.214915e+22    3.381295e-03    1.690647e-02    4.365233e-03    2.182616e-02
2.148550e+07    1.412345e-01    2.973097e+22    3.251643e-03    1.625821e-02    4.197853e-03    2.098927e-02
2.287550e+07    1.400832e-01    2.740054e+22    3.121604e-03    1.560802e-02    4.029974e-03    2.014987e-02
2.439610e+07    1.389447e-01    2.516747e+22    2.991700e-03    1.495850e-02    3.862269e-03    1.931134e-02
2.606530e+07    1.378164e-01    2.309561e+22    2.865913e-03    1.432957e-02    3.699878e-03    1.849939e-02
2.789910e+07    1.367010e-01    2.112512e+22    2.740930e-03    1.370465e-02    3.538525e-03    1.769263e-02
2.992020e+07    1.355984e-01    1.926057e+22    2.617176e-03    1.308588e-02    3.378759e-03    1.689380e-02
3.215510e+07    1.345083e-01    1.751335e+22    2.495646e-03    1.247823e-02    3.221865e-03    1.610933e-02
3.463280e+07    1.334253e-01    1.596611e+22    2.382856e-03    1.191428e-02    3.076254e-03    1.538127e-02
3.737270e+07    1.323546e-01    1.451474e+22    2.271972e-03    1.135986e-02    2.933103e-03    1.466551e-02
4.041100e+07    1.312965e-01    1.315738e+22    2.163132e-03    1.081566e-02    2.792591e-03    1.396296e-02
4.378970e+07    1.302504e-01    1.189650e+22    2.056875e-03    1.028438e-02    2.655414e-03    1.327707e-02
4.755660e+07    1.292114e-01    1.077555e+22    1.957573e-03    9.787866e-03    2.527216e-03    1.263608e-02
5.174870e+07    1.281846e-01    9.721858e+21    1.859401e-03    9.297003e-03    2.400476e-03    1.200238e-02
5.643230e+07    1.271703e-01    8.729698e+21    1.761968e-03    8.809838e-03    2.274690e-03    1.137345e-02
6.169000e+07    1.261683e-01    7.796133e+21    1.665091e-03    8.325454e-03    2.149623e-03    1.074812e-02
6.762400e+07    1.251777e-01    6.928661e+21    1.569723e-03    7.848614e-03    2.026503e-03    1.013252e-02
7.435380e+07    1.242014e-01    6.106878e+21    1.473696e-03    7.368480e-03    1.902534e-03    9.512667e-03
8.204920e+07    1.232398e-01    5.334689e+21    1.377377e-03    6.886886e-03    1.778186e-03    8.890931e-03
9.092730e+07    1.222908e-01    4.630406e+21    1.283240e-03    6.416199e-03    1.656656e-03    8.283278e-03
1.012350e+08    1.213560e-01    3.987486e+21    1.190825e-03    5.954124e-03    1.537348e-03    7.686741e-03
1.132970e+08    1.204359e-01    3.406585e+21    1.100672e-03    5.503360e-03    1.420962e-03    7.104808e-03
1.275240e+08    1.195180e-01    2.928527e+21    1.020523e-03    5.102616e-03    1.317490e-03    6.587450e-03
1.442000e+08    1.186066e-01    2.521792e+21    9.470065e-04    4.735032e-03    1.222580e-03    6.112900e-03
1.637140e+08    1.177075e-01    2.159829e+21    8.764114e-04    4.382057e-03    1.131442e-03    5.657212e-03
1.866730e+08    1.168174e-01    1.846075e+21    8.102574e-04    4.051287e-03    1.046038e-03    5.230189e-03
2.137380e+08    1.159274e-01    1.590117e+21    7.519914e-04    3.759957e-03    9.708167e-04    4.854083e-03
2.454020e+08    1.150513e-01    1.357404e+21    6.947890e-04    3.473945e-03    8.969687e-04    4.484844e-03
2.770900e+08    1.143047e-01    1.172896e+21    6.458445e-04    3.229223e-03    8.337817e-04    4.168909e-03
3.087790e+08    1.136609e-01    1.024470e+21    6.035981e-04    3.017991e-03    7.792419e-04    3.896209e-03
3.404670e+08    1.130993e-01    9.037101e+20    5.669084e-04    2.834542e-03    7.318756e-04    3.659378e-03
3.721550e+08    1.126050e-01    8.026187e+20    5.342603e-04    2.671302e-03    6.897271e-04    3.448636e-03
4.038430e+08    1.121671e-01    7.172643e+20    5.050541e-04    2.525271e-03    6.520221e-04    3.260110e-03
4.355310e+08    1.117764e-01    6.445686e+20    4.787766e-04    2.393883e-03    6.180979e-04    3.090489e-03
4.672190e+08    1.114257e-01    5.822228e+20    4.550330e-04    2.275165e-03    5.874451e-04    2.937226e-03
4.989070e+08    1.111066e-01    5.329169e+20    4.353395e-04    2.176697e-03    5.620208e-04    2.810104e-03
5.305950e+08    1.108098e-01    4.978855e+20    4.207877e-04    2.103938e-03    5.432346e-04    2.716173e-03
5.622830e+08    1.105332e-01    4.661108e+20    4.071392e-04    2.035696e-03    5.256144e-04    2.628072e-03
5.939710e+08    1.102750e-01    4.372392e+20    3.943282e-04    1.971641e-03    5.090756e-04    2.545378e-03
6.256590e+08    1.100332e-01    4.109692e+20    3.822988e-04    1.911494e-03    4.935457e-04    2.467728e-03
6.573470e+08    1.098063e-01    3.869894e+20    3.709778e-04    1.854889e-03    4.789302e-04    2.394651e-03
6.890360e+08    1.095931e-01    3.651061e+20    3.603362e-04    1.801681e-03    4.651920e-04    2.325960e-03
7.207240e+08    1.093922e-01    3.450636e+20    3.503063e-04    1.751531e-03    4.522435e-04    2.261217e-03
7.524120e+08    1.092026e-01    3.267378e+20    3.408773e-04    1.704386e-03    4.400706e-04    2.200353e-03
7.841000e+08    1.090234e-01    3.098983e+20    3.319769e-04    1.659885e-03    4.285804e-04    2.142902e-03
8.157880e+08    1.088536e-01    2.944280e+20    3.235846e-04    1.617923e-03    4.177459e-04    2.088730e-03
8.474760e+08    1.086924e-01    2.801685e+20    3.156516e-04    1.578258e-03    4.075044e-04    2.037522e-03
8.791640e+08    1.085394e-01    2.669864e+20    3.081363e-04    1.540681e-03    3.978022e-04    1.989011e-03
9.108520e+08    1.083935e-01    2.547940e+20    3.010183e-04    1.505092e-03    3.886129e-04    1.943065e-03
9.425400e+08    1.082537e-01    2.449172e+20    2.951263e-04    1.475631e-03    3.810064e-04    1.905032e-03
9.742280e+08    1.081190e-01    2.367605e+20    2.901703e-04    1.450851e-03    3.746082e-04    1.873041e-03
1.005920e+09    1.079888e-01    2.290230e+20    2.853894e-04    1.426947e-03    3.684362e-04    1.842181e-03
1.037600e+09    1.078631e-01    2.216864e+20    2.807811e-04    1.403905e-03    3.624868e-04    1.812434e-03
1.069290e+09    1.077417e-01    2.147234e+20    2.763363e-04    1.381682e-03    3.567487e-04    1.783743e-03
1.100980e+09    1.076241e-01    2.080939e+20    2.720370e-04    1.360185e-03    3.511983e-04    1.755991e-03
1.132670e+09    1.075105e-01    2.017806e+20    2.678786e-04    1.339393e-03    3.458298e-04    1.729149e-03
1.164360e+09    1.074004e-01    1.957668e+20    2.638566e-04    1.319283e-03    3.406373e-04    1.703187e-03
1.196040e+09    1.072938e-01    1.900331e+20    2.599638e-04    1.299819e-03    3.356119e-04    1.678059e-03
1.227730e+09    1.071904e-01    1.845522e+20    2.561875e-04    1.280937e-03    3.307366e-04    1.653683e-03
1.259420e+09    1.070901e-01    1.793203e+20    2.525300e-04    1.262650e-03    3.260148e-04    1.630074e-03
1.291110e+09    1.069928e-01    1.743249e+20    2.489878e-04    1.244939e-03    3.214418e-04    1.607209e-03
1.322800e+09    1.068983e-01    1.695310e+20    2.455404e-04    1.227702e-03    3.169913e-04    1.584956e-03
1.354490e+09    1.068065e-01    1.649412e+20    2.421937e-04    1.210969e-03    3.126708e-04    1.563354e-03
1.386170e+09    1.067172e-01    1.605423e+20    2.389423e-04    1.194711e-03    3.084732e-04    1.542366e-03
1.417860e+09    1.066306e-01    1.563324e+20    2.357886e-04    1.178943e-03    3.044018e-04    1.522009e-03
1.449550e+09    1.065463e-01    1.522963e+20    2.327250e-04    1.163625e-03    3.004467e-04    1.502233e-03
1.481240e+09    1.064642e-01    1.484156e+20    2.297407e-04    1.148704e-03    2.965940e-04    1.482970e-03
1.512930e+09    1.063843e-01    1.446836e+20    2.268339e-04    1.134169e-03    2.928413e-04    1.464206e-03
1.544610e+09    1.063066e-01    1.411007e+20    2.240077e-04    1.120038e-03    2.891927e-04    1.445963e-03
1.576300e+09    1.062307e-01    1.376605e+20    2.212600e-04    1.106300e-03    2.856455e-04    1.428227e-03
1.607990e+09    1.061569e-01    1.343505e+20    2.185838e-04    1.092919e-03    2.821905e-04    1.410952e-03
1.639680e+09    1.060849e-01    1.311655e+20    2.159773e-04    1.079886e-03    2.788255e-04    1.394127e-03
1.671370e+09    1.060147e-01    1.280942e+20    2.134337e-04    1.067169e-03    2.755417e-04    1.377709e-03
1.703050e+09    1.059461e-01    1.251352e+20    2.109541e-04    1.054771e-03    2.723406e-04    1.361703e-03
1.734740e+09    1.058790e-01    1.222867e+20    2.085393e-04    1.042697e-03    2.692231e-04    1.346115e-03
1.766430e+09    1.058136e-01    1.195471e+20    2.061901e-04    1.030951e-03    2.661903e-04    1.330952e-03
1.798120e+09    1.057499e-01    1.169040e+20    2.038980e-04    1.019490e-03    2.632312e-04    1.316156e-03
1.829810e+09    1.056875e-01    1.143482e+20    2.016568e-04    1.008284e-03    2.603378e-04    1.301689e-03
1.861490e+09    1.056264e-01    1.118817e+20    1.994701e-04    9.973507e-04    2.575148e-04    1.287574e-03
1.893180e+09    1.055668e-01    1.095038e+20    1.973390e-04    9.866951e-04    2.547636e-04    1.273818e-03
1.924870e+09    1.055085e-01    1.072085e+20    1.952599e-04    9.762992e-04    2.520794e-04    1.260397e-03
1.956560e+09    1.054514e-01    1.049879e+20    1.932271e-04    9.661354e-04    2.494551e-04    1.247275e-03
1.988250e+09    1.053956e-01    1.028393e+20    1.912396e-04    9.561980e-04    2.468893e-04    1.234446e-03
2.019940e+09    1.053410e-01    1.007580e+20    1.892945e-04    9.464725e-04    2.443782e-04    1.221891e-03
2.051620e+09    1.052874e-01    9.874370e+19    1.873929e-04    9.369642e-04    2.419231e-04    1.209616e-03
2.083310e+09    1.052349e-01    9.679637e+19    1.855359e-04    9.276793e-04    2.395258e-04    1.197629e-03
2.115000e+09    1.051833e-01    9.536508e+19    1.841590e-04    9.207951e-04    2.377483e-04    1.188741e-03
2.146690e+09    1.051323e-01    9.405662e+19    1.828913e-04    9.144564e-04    2.361116e-04    1.180558e-03
2.178380e+09    1.050822e-01    9.277680e+19    1.816427e-04    9.082136e-04    2.344998e-04    1.172499e-03
2.210060e+09    1.050328e-01    9.152283e+19    1.804110e-04    9.020550e-04    2.329096e-04    1.164548e-03
2.241750e+09    1.049841e-01    9.029612e+19    1.791979e-04    8.959894e-04    2.313435e-04    1.156717e-03
2.273440e+09    1.049359e-01    8.909418e+19    1.780012e-04    8.900061e-04    2.297986e-04    1.148993e-03
2.305130e+09    1.048885e-01    8.791826e+19    1.768226e-04    8.841132e-04    2.282771e-04    1.141385e-03
2.336820e+09    1.048418e-01    8.676797e+19    1.756621e-04    8.783104e-04    2.267788e-04    1.133894e-03
2.368500e+09    1.047957e-01    8.564053e+19    1.745171e-04    8.725855e-04    2.253006e-04    1.126503e-03
2.400190e+09    1.047502e-01    8.453359e+19    1.733856e-04    8.669279e-04    2.238398e-04    1.119199e-03
2.431880e+09    1.047053e-01    8.345058e+19    1.722713e-04    8.613566e-04    2.224013e-04    1.112007e-03
2.463570e+09    1.046611e-01    8.238904e+19    1.711721e-04    8.558606e-04    2.209823e-04    1.104911e-03
2.495260e+09    1.046172e-01    8.134841e+19    1.700877e-04    8.504384e-04    2.195822e-04    1.097911e-03
2.526940e+09    1.045741e-01    8.033028e+19    1.690199e-04    8.450997e-04    2.182038e-04    1.091019e-03
2.558630e+09    1.045316e-01    7.933038e+19    1.679647e-04    8.398236e-04    2.168415e-04    1.084208e-03
2.590320e+09    1.044895e-01    7.835006e+19    1.669237e-04    8.346184e-04    2.154976e-04    1.077488e-03
2.622010e+09    1.044481e-01    7.738900e+19    1.658968e-04    8.294838e-04    2.141718e-04    1.070859e-03
2.653700e+09    1.044072e-01    7.644501e+19    1.648819e-04    8.244093e-04    2.128616e-04    1.064308e-03
2.685390e+09    1.043667e-01    7.551776e+19    1.638788e-04    8.193941e-04    2.115667e-04    1.057833e-03
2.717070e+09    1.043267e-01    7.461035e+19    1.628913e-04    8.144564e-04    2.102917e-04    1.051459e-03
2.748760e+09    1.042874e-01    7.372065e+19    1.619172e-04    8.095858e-04    2.090342e-04    1.045171e-03
2.780450e+09    1.042484e-01    7.284660e+19    1.609544e-04    8.047722e-04    2.077913e-04    1.038956e-03
2.812140e+09    1.042099e-01    7.198955e+19    1.600048e-04    8.000240e-04    2.065653e-04    1.032827e-03
2.843830e+09    1.041720e-01    7.114743e+19    1.590662e-04    7.953310e-04    2.053536e-04    1.026768e-03
2.875510e+09    1.041343e-01    7.032010e+19    1.581387e-04    7.906933e-04    2.041561e-04    1.020781e-03
2.907200e+09    1.040973e-01    6.950712e+19    1.572219e-04    7.861093e-04    2.029726e-04    1.014863e-03
2.938890e+09    1.040606e-01    6.870829e+19    1.563158e-04    7.815790e-04    2.018028e-04    1.009014e-03
2.970580e+09    1.040244e-01    6.792491e+19    1.554221e-04    7.771106e-04    2.006491e-04    1.003246e-03
3.002270e+09    1.039887e-01    6.715517e+19    1.545390e-04    7.726949e-04    1.995090e-04    9.975448e-04
3.033950e+09    1.039533e-01    6.640021e+19    1.536679e-04    7.683393e-04    1.983844e-04    9.919218e-04
3.065640e+09    1.039183e-01    6.565821e+19    1.528069e-04    7.640343e-04    1.972728e-04    9.863640e-04
3.097330e+09    1.038838e-01    6.492907e+19    1.519560e-04    7.597801e-04    1.961744e-04    9.808718e-04
3.129020e+09    1.038496e-01    6.421246e+19    1.511151e-04    7.555757e-04    1.950888e-04    9.754440e-04
3.160710e+09    1.038158e-01    6.350668e+19    1.502824e-04    7.514118e-04    1.940137e-04    9.700685e-04
3.192390e+09    1.037825e-01    6.281295e+19    1.494593e-04    7.472964e-04    1.929511e-04    9.647555e-04
3.224080e+09    1.037494e-01    6.213115e+19    1.486459e-04    7.432296e-04    1.919011e-04    9.595053e-04
3.255770e+09    1.037167e-01    6.146094e+19    1.478420e-04    7.392101e-04    1.908632e-04    9.543162e-04
3.287460e+09    1.036845e-01    6.080357e+19    1.470493e-04    7.352463e-04    1.898398e-04    9.491989e-04
3.319150e+09    1.036526e-01    6.015745e+19    1.462659e-04    7.313294e-04    1.888284e-04    9.441422e-04
3.350830e+09    1.036210e-01    5.952088e+19    1.454900e-04    7.274497e-04    1.878267e-04    9.391336e-04
3.382520e+09    1.035897e-01    5.889512e+19    1.447231e-04    7.236157e-04    1.868368e-04    9.341838e-04
3.414210e+09    1.035588e-01    5.827862e+19    1.439637e-04    7.198184e-04    1.858563e-04    9.292816e-04
3.445900e+09    1.035283e-01    5.767257e+19    1.432132e-04    7.160659e-04    1.848874e-04    9.244371e-04
3.477590e+09    1.034980e-01    5.707546e+19    1.424699e-04    7.123493e-04    1.839278e-04    9.196390e-04
3.509280e+09    1.034681e-01    5.648843e+19    1.417353e-04    7.086765e-04    1.829795e-04    9.148975e-04
3.540960e+09    1.034385e-01    5.591125e+19    1.410094e-04    7.050467e-04    1.820423e-04    9.102114e-04
3.572650e+09    1.034092e-01    5.534385e+19    1.402920e-04    7.014601e-04    1.811162e-04    9.055811e-04
3.604340e+09    1.033802e-01    5.478468e+19    1.395815e-04    6.979075e-04    1.801989e-04    9.009947e-04
3.636030e+09    1.033516e-01    5.423496e+19    1.388795e-04    6.943972e-04    1.792926e-04    8.964630e-04
3.667720e+09    1.033231e-01    5.369194e+19    1.381825e-04    6.909122e-04    1.783928e-04    8.919639e-04
3.699400e+09    1.032951e-01    5.315810e+19    1.374938e-04    6.874688e-04    1.775037e-04    8.875185e-04
3.731090e+09    1.032672e-01    5.263193e+19    1.368116e-04    6.840580e-04    1.766230e-04    8.831151e-04
3.762780e+09    1.032398e-01    5.211337e+19    1.361360e-04    6.806799e-04    1.757508e-04    8.787539e-04
3.794470e+09    1.032125e-01    5.160349e+19    1.354684e-04    6.773418e-04    1.748889e-04    8.744445e-04
3.826160e+09    1.031855e-01    5.110214e+19    1.348087e-04    6.740434e-04    1.740372e-04    8.701862e-04
3.857840e+09    1.031589e-01    5.060798e+19    1.341553e-04    6.707765e-04    1.731937e-04    8.659687e-04
3.889530e+09    1.031325e-01    5.012093e+19    1.335082e-04    6.675409e-04    1.723583e-04    8.617915e-04
3.921220e+09    1.031062e-01    4.964198e+19    1.328688e-04    6.643438e-04    1.715328e-04    8.576642e-04
3.952910e+09    1.030803e-01    4.916876e+19    1.322339e-04    6.611697e-04    1.707133e-04    8.535664e-04
3.984600e+09    1.030547e-01    4.870228e+19    1.316052e-04    6.580259e-04    1.699015e-04    8.495077e-04
4.016280e+09    1.030293e-01    4.824246e+19    1.309824e-04    6.549121e-04    1.690976e-04    8.454879e-04
4.047970e+09    1.030042e-01    4.779023e+19    1.303671e-04    6.518353e-04    1.683032e-04    8.415158e-04
4.079660e+09    1.029792e-01    4.734448e+19    1.297576e-04    6.487882e-04    1.675164e-04    8.375820e-04
4.111350e+09    1.029545e-01    4.690499e+19    1.291540e-04    6.457700e-04    1.667371e-04    8.336854e-04
4.143040e+09    1.029300e-01    4.647285e+19    1.285577e-04    6.427883e-04    1.659672e-04    8.298361e-04
4.174730e+09    1.029059e-01    4.604570e+19    1.279655e-04    6.398275e-04    1.652027e-04    8.260137e-04
4.206410e+09    1.028819e-01    4.562569e+19    1.273805e-04    6.369026e-04    1.644475e-04    8.222377e-04
4.238100e+09    1.028582e-01    4.521154e+19    1.268011e-04    6.340054e-04    1.636995e-04    8.184975e-04
4.269790e+09    1.028346e-01    4.480218e+19    1.262257e-04    6.311287e-04    1.629567e-04    8.147836e-04
4.301480e+09    1.028113e-01    4.439858e+19    1.256559e-04    6.282794e-04    1.622211e-04    8.111053e-04
4.333170e+09    1.027882e-01    4.399968e+19    1.250901e-04    6.254507e-04    1.614907e-04    8.074533e-04
4.364850e+09    1.027654e-01    4.360732e+19    1.245312e-04    6.226558e-04    1.607690e-04    8.038452e-04
4.396540e+09    1.027427e-01    4.321947e+19    1.239761e-04    6.198806e-04    1.600525e-04    8.002624e-04
4.428230e+09    1.027203e-01    4.283803e+19    1.234278e-04    6.171391e-04    1.593446e-04    7.967231e-04
4.459920e+09    1.026980e-01    4.246288e+19    1.228862e-04    6.144309e-04    1.586454e-04    7.932269e-04
4.491610e+09    1.026759e-01    4.209196e+19    1.223483e-04    6.117414e-04    1.579509e-04    7.897547e-04
4.523290e+09    1.026540e-01    4.172335e+19    1.218114e-04    6.090569e-04    1.572578e-04    7.862891e-04
4.554980e+09    1.026323e-01    4.136178e+19    1.212824e-04    6.064122e-04    1.565750e-04    7.828748e-04
4.586670e+09    1.026108e-01    4.100524e+19    1.207586e-04    6.037929e-04    1.558987e-04    7.794933e-04
4.618360e+09    1.025895e-01    4.065361e+19    1.202397e-04    6.011984e-04    1.552288e-04    7.761439e-04
4.650050e+09    1.025684e-01    4.030503e+19    1.197231e-04    5.986155e-04    1.545619e-04    7.728093e-04
4.681730e+09    1.025474e-01    3.996128e+19    1.192115e-04    5.960573e-04    1.539013e-04    7.695067e-04
4.713420e+09    1.025267e-01    3.962317e+19    1.187061e-04    5.935303e-04    1.532489e-04    7.662444e-04
4.745110e+09    1.025062e-01    3.928977e+19    1.182056e-04    5.910280e-04    1.526028e-04    7.630139e-04
4.776800e+09    1.024858e-01    3.896003e+19    1.177085e-04    5.885426e-04    1.519611e-04    7.598053e-04
4.808490e+09    1.024655e-01    3.863395e+19    1.172149e-04    5.860745e-04    1.513238e-04    7.566190e-04
4.840180e+09    1.024455e-01    3.831329e+19    1.167275e-04    5.836373e-04    1.506945e-04    7.534725e-04
4.871860e+09    1.024257e-01    3.799700e+19    1.162446e-04    5.812232e-04    1.500712e-04    7.503560e-04
4.903550e+09    1.024060e-01    3.768332e+19    1.157638e-04    5.788192e-04    1.494505e-04    7.472523e-04
4.935240e+09    1.023865e-01    3.737396e+19    1.152877e-04    5.764383e-04    1.488357e-04    7.441787e-04
4.966930e+09    1.023671e-01    3.706974e+19    1.148175e-04    5.740875e-04    1.482287e-04    7.411437e-04
4.998620e+09    1.023478e-01    3.676710e+19    1.143479e-04    5.717393e-04    1.476224e-04    7.381122e-04
5.030300e+09    1.023289e-01    3.647031e+19    1.138854e-04    5.694270e-04    1.470254e-04    7.351270e-04
5.061990e+09    1.023100e-01    3.617757e+19    1.134274e-04    5.671371e-04    1.464342e-04    7.321708e-04
5.093680e+09    1.022912e-01    3.588636e+19    1.129700e-04    5.648499e-04    1.458436e-04    7.292180e-04
5.125370e+09    1.022727e-01    3.559996e+19    1.125183e-04    5.625913e-04    1.452605e-04    7.263023e-04
5.157060e+09    1.022543e-01    3.531824e+19    1.120722e-04    5.603609e-04    1.446846e-04    7.234229e-04
5.188740e+09    1.022361e-01    3.503718e+19    1.116254e-04    5.581268e-04    1.441077e-04    7.205386e-04
5.220430e+09    1.022180e-01    3.476236e+19    1.111867e-04    5.559336e-04    1.435415e-04    7.177072e-04
5.252120e+09    1.022000e-01    3.449049e+19    1.107511e-04    5.537555e-04    1.429790e-04    7.148952e-04
5.283810e+09    1.021822e-01    3.422071e+19    1.103171e-04    5.515855e-04    1.424188e-04    7.120938e-04
5.315500e+09    1.021645e-01    3.395543e+19    1.098887e-04    5.494434e-04    1.418657e-04    7.093283e-04
5.347180e+09    1.021470e-01    3.369143e+19    1.094607e-04    5.473032e-04    1.413131e-04    7.065654e-04
5.378870e+09    1.021296e-01    3.343252e+19    1.090393e-04    5.451963e-04    1.407691e-04    7.038454e-04
5.410560e+09    1.021122e-01    3.317488e+19    1.086183e-04    5.430915e-04    1.402256e-04    7.011281e-04
5.442250e+09    1.020951e-01    3.292222e+19    1.082039e-04    5.410195e-04    1.396906e-04    6.984531e-04
5.473940e+09    1.020782e-01    3.267228e+19    1.077924e-04    5.389618e-04    1.391594e-04    6.957967e-04
5.505620e+09    1.020613e-01    3.242494e+19    1.073836e-04    5.369180e-04    1.386316e-04    6.931581e-04
5.537310e+09    1.020445e-01    3.218096e+19    1.069788e-04    5.348941e-04    1.381091e-04    6.905454e-04
5.569000e+09    1.020280e-01    3.194033e+19    1.065781e-04    5.328905e-04    1.375917e-04    6.879587e-04
5.600690e+09    1.020115e-01    3.170073e+19    1.061776e-04    5.308880e-04    1.370747e-04    6.853735e-04
5.632380e+09    1.019953e-01    3.146583e+19    1.057835e-04    5.289175e-04    1.365659e-04    6.828295e-04
5.664070e+09    1.019790e-01    3.123266e+19    1.053908e-04    5.269542e-04    1.360590e-04    6.802949e-04
5.695750e+09    1.019629e-01    3.100270e+19    1.050021e-04    5.250106e-04    1.355571e-04    6.777857e-04
5.727440e+09    1.019470e-01    3.077439e+19    1.046148e-04    5.230738e-04    1.350571e-04    6.752855e-04
5.759130e+09    1.019312e-01    3.054987e+19    1.042325e-04    5.211623e-04    1.345635e-04    6.728177e-04
5.790820e+09    1.019154e-01    3.032839e+19    1.038539e-04    5.192697e-04    1.340749e-04    6.703743e-04
5.822510e+09    1.018999e-01    3.010852e+19    1.034768e-04    5.173840e-04    1.335880e-04    6.679399e-04
5.854190e+09    1.018843e-01    2.989162e+19    1.031034e-04    5.155170e-04    1.331059e-04    6.655296e-04
5.885880e+09    1.018690e-01    2.967628e+19    1.027314e-04    5.136568e-04    1.326256e-04    6.631281e-04
5.917570e+09    1.018537e-01    2.946453e+19    1.023642e-04    5.118209e-04    1.321516e-04    6.607580e-04
5.949260e+09    1.018385e-01    2.925426e+19    1.019983e-04    5.099914e-04    1.316792e-04    6.583961e-04
5.980950e+09    1.018236e-01    2.904686e+19    1.016361e-04    5.081804e-04    1.312116e-04    6.560581e-04
6.012630e+09    1.018086e-01    2.884226e+19    1.012775e-04    5.063875e-04    1.307487e-04    6.537434e-04
6.044320e+09    1.017938e-01    2.863910e+19    1.009202e-04    5.046009e-04    1.302874e-04    6.514370e-04
6.076010e+09    1.017792e-01    2.847078e+19    1.006232e-04    5.031158e-04    1.299040e-04    6.495197e-04
6.107700e+09    1.017647e-01    2.832364e+19    1.003628e-04    5.018141e-04    1.295678e-04    6.478392e-04
6.139390e+09    1.017501e-01    2.817730e+19    1.001032e-04    5.005161e-04    1.292327e-04    6.461634e-04
6.171070e+09    1.017358e-01    2.803168e+19    9.984421e-05    4.992211e-04    1.288983e-04    6.444916e-04
6.202760e+09    1.017214e-01    2.788814e+19    9.958824e-05    4.979412e-04    1.285679e-04    6.428393e-04
6.234450e+09    1.017072e-01    2.774466e+19    9.933173e-05    4.966586e-04    1.282367e-04    6.411835e-04
6.266140e+09    1.016930e-01    2.760255e+19    9.907701e-05    4.953850e-04    1.279079e-04    6.395393e-04
6.297830e+09    1.016789e-01    2.746183e+19    9.882414e-05    4.941207e-04    1.275814e-04    6.379071e-04
6.329520e+09    1.016648e-01    2.732180e+19    9.857187e-05    4.928593e-04    1.272557e-04    6.362787e-04
6.361200e+09    1.016509e-01    2.718248e+19    9.832023e-05    4.916011e-04    1.269309e-04    6.346544e-04
6.392890e+09    1.016369e-01    2.704516e+19    9.807155e-05    4.903578e-04    1.266098e-04    6.330492e-04
6.424580e+09    1.016231e-01    2.690787e+19    9.782233e-05    4.891116e-04    1.262881e-04    6.314404e-04
6.456270e+09    1.016095e-01    2.677252e+19    9.757599e-05    4.878799e-04    1.259701e-04    6.298503e-04
6.487960e+09    1.015958e-01    2.663785e+19    9.733026e-05    4.866513e-04    1.256528e-04    6.282641e-04
6.519640e+09    1.015822e-01    2.650388e+19    9.708521e-05    4.854260e-04    1.253365e-04    6.266823e-04
6.551330e+09    1.015687e-01    2.637117e+19    9.684184e-05    4.842092e-04    1.250223e-04    6.251114e-04
6.583020e+09    1.015552e-01    2.623973e+19    9.660019e-05    4.830009e-04    1.247103e-04    6.235515e-04
6.614710e+09    1.015418e-01    2.610894e+19    9.635914e-05    4.817957e-04    1.243991e-04    6.219956e-04
6.646400e+09    1.015286e-01    2.598000e+19    9.612092e-05    4.806046e-04    1.240916e-04    6.204579e-04
6.678080e+09    1.015154e-01    2.585110e+19    9.588217e-05    4.794109e-04    1.237833e-04    6.189167e-04
6.709770e+09    1.015021e-01    2.572344e+19    9.564513e-05    4.782256e-04    1.234773e-04    6.173866e-04
6.741460e+09    1.014891e-01    2.559702e+19    9.540982e-05    4.770491e-04    1.231735e-04    6.158677e-04
6.773150e+09    1.014760e-01    2.547120e+19    9.517503e-05    4.758751e-04    1.228704e-04    6.143522e-04
6.804840e+09    1.014631e-01    2.534600e+19    9.494083e-05    4.747041e-04    1.225681e-04    6.128404e-04
6.836520e+09    1.014501e-01    2.522257e+19    9.470938e-05    4.735469e-04    1.222693e-04    6.113464e-04
6.868210e+09    1.014374e-01    2.509917e+19    9.447741e-05    4.723871e-04    1.219698e-04    6.098491e-04
6.899900e+09    1.014246e-01    2.497694e+19    9.424709e-05    4.712355e-04    1.216725e-04    6.083624e-04
6.931590e+09    1.014119e-01    2.485589e+19    9.401842e-05    4.700921e-04    1.213773e-04    6.068863e-04
6.963280e+09    1.013993e-01    2.473542e+19    9.379031e-05    4.689515e-04    1.210828e-04    6.054139e-04
6.994970e+09    1.013866e-01    2.461610e+19    9.356383e-05    4.678191e-04    1.207904e-04    6.039519e-04
7.026650e+09    1.013743e-01    2.449793e+19    9.333896e-05    4.666948e-04    1.205001e-04    6.025004e-04
7.058340e+09    1.013618e-01    2.437976e+19    9.311357e-05    4.655678e-04    1.202091e-04    6.010455e-04
7.090030e+09    1.013494e-01    2.426327e+19    9.289087e-05    4.644543e-04    1.199216e-04    5.996080e-04
7.121720e+09    1.013371e-01    2.414735e+19    9.266869e-05    4.633435e-04    1.196348e-04    5.981738e-04
7.153410e+09    1.013249e-01    2.403253e+19    9.244811e-05    4.622406e-04    1.193500e-04    5.967500e-04
7.185090e+09    1.013127e-01    2.391823e+19    9.222801e-05    4.611401e-04    1.190659e-04    5.953293e-04
7.216780e+09    1.013006e-01    2.380505e+19    9.200954e-05    4.600477e-04    1.187838e-04    5.939190e-04
7.248470e+09    1.012885e-01    2.369186e+19    9.179053e-05    4.589526e-04    1.185011e-04    5.925053e-04
7.280160e+09    1.012764e-01    2.358030e+19    9.157416e-05    4.578708e-04    1.182217e-04    5.911086e-04
7.311850e+09    1.012645e-01    2.346926e+19    9.135829e-05    4.567915e-04    1.179430e-04    5.897152e-04
7.343530e+09    1.012527e-01    2.335928e+19    9.114399e-05    4.557199e-04    1.176664e-04    5.883319e-04
7.375220e+09    1.012408e-01    2.324928e+19    9.092914e-05    4.546457e-04    1.173890e-04    5.869450e-04
7.406910e+09    1.012290e-01    2.314084e+19    9.071683e-05    4.535841e-04    1.171149e-04    5.855746e-04
7.438600e+09    1.012174e-01    2.303293e+19    9.050507e-05    4.525254e-04    1.168415e-04    5.842077e-04
7.470290e+09    1.012057e-01    2.292606e+19    9.029485e-05    4.514743e-04    1.165702e-04    5.828508e-04
7.501970e+09    1.011941e-01    2.281967e+19    9.008512e-05    4.504256e-04    1.162994e-04    5.814969e-04
7.533660e+09    1.011826e-01    2.271429e+19    8.987686e-05    4.493843e-04    1.160305e-04    5.801526e-04
7.565350e+09    1.011711e-01    2.260941e+19    8.966912e-05    4.483456e-04    1.157623e-04    5.788117e-04
7.597040e+09    1.011598e-01    2.250554e+19    8.946291e-05    4.473145e-04    1.154961e-04    5.774806e-04
7.628730e+09    1.011483e-01    2.240162e+19    8.925613e-05    4.462807e-04    1.152292e-04    5.761459e-04
7.660410e+09    1.011371e-01    2.229971e+19    8.905287e-05    4.452643e-04    1.149668e-04    5.748338e-04
7.692100e+09    1.011257e-01    2.219726e+19    8.884807e-05    4.442403e-04    1.147024e-04    5.735118e-04
7.723790e+09    1.011147e-01    2.209627e+19    8.864573e-05    4.432287e-04    1.144411e-04    5.722057e-04
7.755480e+09    1.011034e-01    2.199577e+19    8.844391e-05    4.422195e-04    1.141806e-04    5.709030e-04
7.787170e+09    1.010924e-01    2.189623e+19    8.824356e-05    4.412178e-04    1.139219e-04    5.696097e-04
7.818860e+09    1.010813e-01    2.179662e+19    8.804260e-05    4.402130e-04    1.136625e-04    5.683125e-04
7.850540e+09    1.010703e-01    2.169848e+19    8.784417e-05    4.392209e-04    1.134063e-04    5.670317e-04
7.882230e+09    1.010593e-01    2.160029e+19    8.764518e-05    4.382259e-04    1.131495e-04    5.657472e-04
7.913920e+09    1.010486e-01    2.150400e+19    8.744962e-05    4.372481e-04    1.128970e-04    5.644849e-04
7.945610e+09    1.010377e-01    2.140718e+19    8.725253e-05    4.362626e-04    1.126425e-04    5.632127e-04
7.977300e+09    1.010269e-01    2.131175e+19    8.705785e-05    4.352892e-04    1.123912e-04    5.619560e-04
8.008980e+09    1.010161e-01    2.121629e+19    8.686264e-05    4.343132e-04    1.121392e-04    5.606959e-04
8.040670e+09    1.010055e-01    2.112220e+19    8.666982e-05    4.333491e-04    1.118903e-04    5.594513e-04
8.072360e+09    1.009948e-01    2.102807e+19    8.647648e-05    4.323824e-04    1.116407e-04    5.582033e-04
8.104050e+09    1.009843e-01    2.093482e+19    8.628452e-05    4.314226e-04    1.113928e-04    5.569642e-04
8.135740e+09    1.009737e-01    2.084200e+19    8.609303e-05    4.304652e-04    1.111456e-04    5.557281e-04
8.167420e+09    1.009634e-01    2.075053e+19    8.590390e-05    4.295195e-04    1.109015e-04    5.545073e-04
8.199110e+09    1.009529e-01    2.065901e+19    8.571425e-05    4.285713e-04    1.106566e-04    5.532831e-04
8.230800e+09    1.009425e-01    2.056881e+19    8.552694e-05    4.276347e-04    1.104148e-04    5.520740e-04
8.262490e+09    1.009320e-01    2.047809e+19    8.533812e-05    4.266906e-04    1.101710e-04    5.508552e-04
8.294180e+09    1.009218e-01    2.038916e+19    8.515261e-05    4.257631e-04    1.099315e-04    5.496577e-04
8.325860e+09    1.009116e-01    2.029968e+19    8.496555e-05    4.248277e-04    1.096901e-04    5.484502e-04
8.357550e+09    1.009014e-01    2.021201e+19    8.478188e-05    4.239094e-04    1.094529e-04    5.472647e-04
8.389240e+09    1.008914e-01    2.012423e+19    8.459758e-05    4.229879e-04    1.092150e-04    5.460750e-04
8.420930e+09    1.008812e-01    2.003729e+19    8.441465e-05    4.220733e-04    1.089789e-04    5.448942e-04
8.452620e+09    1.008711e-01    1.995076e+19    8.423217e-05    4.211609e-04    1.087433e-04    5.437163e-04
8.484310e+09    1.008612e-01    1.986457e+19    8.405004e-05    4.202502e-04    1.085081e-04    5.425407e-04
8.515990e+09    1.008513e-01    1.977924e+19    8.386931e-05    4.193465e-04    1.082748e-04    5.413741e-04
8.547680e+09    1.008414e-01    1.969425e+19    8.368893e-05    4.184446e-04    1.080419e-04    5.402097e-04
8.579370e+09    1.008315e-01    1.960962e+19    8.350893e-05    4.175446e-04    1.078096e-04    5.390478e-04
8.611060e+09    1.008215e-01    1.952581e+19    8.333028e-05    4.166514e-04    1.075789e-04    5.378947e-04
8.642750e+09    1.008118e-01    1.944283e+19    8.315302e-05    4.157651e-04    1.073501e-04    5.367504e-04
8.674430e+09    1.008022e-01    1.935973e+19    8.297513e-05    4.148757e-04    1.071204e-04    5.356022e-04
8.706120e+09    1.007924e-01    1.927743e+19    8.279858e-05    4.139929e-04    1.068925e-04    5.344625e-04
8.737810e+09    1.007828e-01    1.919594e+19    8.262340e-05    4.131170e-04    1.066663e-04    5.333317e-04
8.769500e+09    1.007731e-01    1.911478e+19    8.244855e-05    4.122427e-04    1.064406e-04    5.322031e-04
8.801190e+09    1.007636e-01    1.903396e+19    8.227406e-05    4.113703e-04    1.062154e-04    5.310768e-04
8.832870e+09    1.007540e-01    1.895393e+19    8.210090e-05    4.105045e-04    1.059918e-04    5.299590e-04
8.864560e+09    1.007445e-01    1.887422e+19    8.192809e-05    4.096405e-04    1.057687e-04    5.288436e-04
8.896250e+09    1.007352e-01    1.879531e+19    8.175664e-05    4.087832e-04    1.055474e-04    5.277369e-04
8.927940e+09    1.007257e-01    1.871670e+19    8.158550e-05    4.079275e-04    1.053264e-04    5.266322e-04
8.959630e+09    1.007164e-01    1.863843e+19    8.141473e-05    4.070736e-04    1.051060e-04    5.255298e-04
8.991310e+09    1.007070e-01    1.856091e+19    8.124524e-05    4.062262e-04    1.048871e-04    5.244358e-04
9.023000e+09    1.006978e-01    1.848371e+19    8.107611e-05    4.053805e-04    1.046688e-04    5.233440e-04
9.054690e+09    1.006887e-01    1.840683e+19    8.090733e-05    4.045366e-04    1.044509e-04    5.222545e-04
9.086380e+09    1.006795e-01    1.833072e+19    8.073987e-05    4.036994e-04    1.042347e-04    5.211736e-04
9.118070e+09    1.006703e-01    1.825490e+19    8.057272e-05    4.028636e-04    1.040189e-04    5.200947e-04
9.149760e+09    1.006612e-01    1.817981e+19    8.040684e-05    4.020342e-04    1.038048e-04    5.190239e-04
9.181440e+09    1.006521e-01    1.810503e+19    8.024130e-05    4.012065e-04    1.035911e-04    5.179554e-04
9.213130e+09    1.006431e-01    1.803056e+19    8.007611e-05    4.003805e-04    1.033778e-04    5.168891e-04
9.244820e+09    1.006341e-01    1.795681e+19    7.991217e-05    3.995609e-04    1.031662e-04    5.158309e-04
9.276510e+09    1.006251e-01    1.788336e+19    7.974857e-05    3.987429e-04    1.029550e-04    5.147748e-04
9.308200e+09    1.006162e-01    1.781022e+19    7.958531e-05    3.979265e-04    1.027442e-04    5.137210e-04
9.339880e+09    1.006073e-01    1.773778e+19    7.942329e-05    3.971165e-04    1.025350e-04    5.126752e-04
9.371570e+09    1.005984e-01    1.766563e+19    7.926161e-05    3.963080e-04    1.023263e-04    5.116315e-04
9.403260e+09    1.005897e-01    1.759418e+19    7.910117e-05    3.955058e-04    1.021192e-04    5.105958e-04
9.434950e+09    1.005809e-01    1.752303e+19    7.894104e-05    3.947052e-04    1.019125e-04    5.095622e-04
9.466640e+09    1.005721e-01    1.745216e+19    7.878125e-05    3.939063e-04    1.017062e-04    5.085308e-04
9.498320e+09    1.005635e-01    1.738158e+19    7.862178e-05    3.931089e-04    1.015003e-04    5.075014e-04
9.530010e+09    1.005549e-01    1.731168e+19    7.846354e-05    3.923177e-04    1.012960e-04    5.064800e-04
9.561700e+09    1.005463e-01    1.724206e+19    7.830561e-05    3.915280e-04    1.010921e-04    5.054605e-04
9.593390e+09    1.005376e-01    1.717312e+19    7.814891e-05    3.907445e-04    1.008898e-04    5.044490e-04
9.625080e+09    1.005292e-01    1.710445e+19    7.799251e-05    3.899626e-04    1.006879e-04    5.034395e-04
9.656760e+09    1.005206e-01    1.703645e+19    7.783733e-05    3.891866e-04    1.004876e-04    5.024378e-04
9.688450e+09    1.005121e-01    1.696834e+19    7.768156e-05    3.884078e-04    1.002865e-04    5.014323e-04
9.720140e+09    1.005037e-01    1.690088e+19    7.752699e-05    3.876350e-04    1.000869e-04    5.004346e-04
9.751830e+09    1.004953e-01    1.683408e+19    7.737363e-05    3.868682e-04    9.988893e-05    4.994446e-04
9.783520e+09    1.004869e-01    1.676715e+19    7.721968e-05    3.860984e-04    9.969018e-05    4.984509e-04
9.815200e+09    1.004786e-01    1.670088e+19    7.706692e-05    3.853346e-04    9.949297e-05    4.974649e-04
9.846890e+09    1.004703e-01    1.663526e+19    7.691535e-05    3.845768e-04    9.929730e-05    4.964865e-04
9.878580e+09    1.004621e-01    1.656950e+19    7.676320e-05    3.838160e-04    9.910086e-05    4.955043e-04
9.910270e+09    1.004539e-01    1.650438e+19    7.661219e-05    3.830609e-04    9.890591e-05    4.945295e-04
9.941960e+09    1.004455e-01    1.643990e+19    7.646240e-05    3.823120e-04    9.871253e-05    4.935627e-04
9.973650e+09    1.004375e-01    1.637530e+19    7.631202e-05    3.815601e-04    9.851839e-05    4.925919e-04
1.000530e+10    1.004293e-01    1.631133e+19    7.616281e-05    3.808141e-04    9.832577e-05    4.916288e-04
1.003700e+10    1.004213e-01    1.624798e+19    7.601478e-05    3.800739e-04    9.813465e-05    4.906733e-04
1.006870e+10    1.004132e-01    1.618451e+19    7.586615e-05    3.793307e-04    9.794278e-05    4.897139e-04
1.010040e+10    1.004052e-01    1.612164e+19    7.571865e-05    3.785932e-04    9.775236e-05    4.887618e-04
1.013210e+10    1.003971e-01    1.605902e+19    7.557148e-05    3.778574e-04    9.756236e-05    4.878118e-04
1.016380e+10    1.003892e-01    1.599703e+19    7.542546e-05    3.771273e-04    9.737385e-05    4.868692e-04
1.019550e+10    1.003812e-01    1.593527e+19    7.527972e-05    3.763986e-04    9.718571e-05    4.859285e-04
1.022710e+10    1.003734e-01    1.587375e+19    7.513427e-05    3.756713e-04    9.699792e-05    4.849896e-04
1.025880e+10    1.003655e-01    1.581281e+19    7.498992e-05    3.749496e-04    9.681157e-05    4.840578e-04
1.029050e+10    1.003576e-01    1.575213e+19    7.484589e-05    3.742294e-04    9.662562e-05    4.831281e-04
1.032220e+10    1.003499e-01    1.569168e+19    7.470213e-05    3.735107e-04    9.644004e-05    4.822002e-04
1.035390e+10    1.003421e-01    1.563182e+19    7.455951e-05    3.727975e-04    9.625592e-05    4.812796e-04
1.038560e+10    1.003343e-01    1.557181e+19    7.441627e-05    3.720813e-04    9.607099e-05    4.803549e-04
1.041730e+10    1.003266e-01    1.551277e+19    7.427505e-05    3.713752e-04    9.588868e-05    4.794434e-04
1.044900e+10    1.003190e-01    1.545359e+19    7.413325e-05    3.706662e-04    9.570561e-05    4.785280e-04
1.048070e+10    1.003113e-01    1.539498e+19    7.399252e-05    3.699626e-04    9.552394e-05    4.776197e-04
1.051230e+10    1.003037e-01    1.533660e+19    7.385211e-05    3.692606e-04    9.534267e-05    4.767133e-04
1.054400e+10    1.002961e-01    1.527845e+19    7.371197e-05    3.685598e-04    9.516174e-05    4.758087e-04
1.057570e+10    1.002885e-01    1.522087e+19    7.357293e-05    3.678647e-04    9.498225e-05    4.749112e-04
1.060740e+10    1.002810e-01    1.516349e+19    7.343412e-05    3.671706e-04    9.480304e-05    4.740152e-04
1.063910e+10    1.002734e-01    1.510634e+19    7.329561e-05    3.664781e-04    9.462423e-05    4.731212e-04
1.067080e+10    1.002661e-01    1.504976e+19    7.315821e-05    3.657910e-04    9.444684e-05    4.722342e-04
1.070250e+10    1.002586e-01    1.499302e+19    7.302018e-05    3.651009e-04    9.426865e-05    4.713433e-04
1.073420e+10    1.002511e-01    1.493721e+19    7.288414e-05    3.644207e-04    9.409302e-05    4.704651e-04
1.076580e+10    1.002438e-01    1.488124e+19    7.274746e-05    3.637373e-04    9.391657e-05    4.695828e-04
1.079750e+10    1.002365e-01    1.482584e+19    7.261192e-05    3.630596e-04    9.374159e-05    4.687079e-04
1.082920e+10    1.002292e-01    1.477030e+19    7.247580e-05    3.623790e-04    9.356586e-05    4.678293e-04
1.086090e+10    1.002218e-01    1.471564e+19    7.234156e-05    3.617078e-04    9.339256e-05    4.669628e-04
1.089260e+10    1.002145e-01    1.466086e+19    7.220678e-05    3.610339e-04    9.321855e-05    4.660928e-04
1.092430e+10    1.002073e-01    1.460693e+19    7.207387e-05    3.603693e-04    9.304697e-05    4.652348e-04
1.095600e+10    1.002001e-01    1.455289e+19    7.194042e-05    3.597021e-04    9.287468e-05    4.643734e-04
1.098770e+10    1.001930e-01    1.449905e+19    7.180721e-05    3.590360e-04    9.270271e-05    4.635135e-04
1.101940e+10    1.001858e-01    1.444572e+19    7.167504e-05    3.583752e-04    9.253207e-05    4.626604e-04
1.105100e+10    1.001786e-01    1.439261e+19    7.154315e-05    3.577157e-04    9.236180e-05    4.618090e-04
1.108270e+10    1.001715e-01    1.433967e+19    7.141146e-05    3.570573e-04    9.219179e-05    4.609590e-04
1.111440e+10    1.001645e-01    1.428727e+19    7.128087e-05    3.564043e-04    9.202321e-05    4.601160e-04
1.114610e+10    1.001573e-01    1.423506e+19    7.115049e-05    3.557524e-04    9.185489e-05    4.592744e-04
1.117780e+10    1.001504e-01    1.418337e+19    7.102120e-05    3.551060e-04    9.168797e-05    4.584399e-04
1.120950e+10    1.001434e-01    1.413153e+19    7.089129e-05    3.544564e-04    9.152026e-05    4.576013e-04
1.124120e+10    1.001363e-01    1.408022e+19    7.076247e-05    3.538124e-04    9.135396e-05    4.567698e-04
1.127290e+10    1.001295e-01    1.402908e+19    7.063385e-05    3.531692e-04    9.118791e-05    4.559395e-04
1.130450e+10    1.001226e-01    1.397814e+19    7.050550e-05    3.525275e-04    9.102221e-05    4.551110e-04
1.133620e+10    1.001157e-01    1.392769e+19    7.037816e-05    3.518908e-04    9.085781e-05    4.542890e-04
1.136790e+10    1.001088e-01    1.387744e+19    7.025108e-05    3.512554e-04    9.069375e-05    4.534688e-04
1.139960e+10    1.001020e-01    1.382736e+19    7.012420e-05    3.506210e-04    9.052995e-05    4.526497e-04
1.143130e+10    1.000951e-01    1.377747e+19    6.999758e-05    3.499879e-04    9.036648e-05    4.518324e-04
1.146300e+10    1.000884e-01    1.372806e+19    6.987196e-05    3.493598e-04    9.020431e-05    4.510215e-04
1.149470e+10    1.000816e-01    1.367885e+19    6.974660e-05    3.487330e-04    9.004248e-05    4.502124e-04
1.152640e+10    1.000749e-01    1.362979e+19    6.962143e-05    3.481071e-04    8.988088e-05    4.494044e-04
1.155800e+10    1.000681e-01    1.358123e+19    6.949729e-05    3.474864e-04    8.972061e-05    4.486030e-04
1.158970e+10    1.000615e-01    1.353254e+19    6.937260e-05    3.468630e-04    8.955964e-05    4.477982e-04
1.162140e+10    1.000547e-01    1.348463e+19    6.924970e-05    3.462485e-04    8.940097e-05    4.470049e-04
1.165310e+10    1.000481e-01    1.343660e+19    6.912625e-05    3.456313e-04    8.924161e-05    4.462080e-04
1.168480e+10    1.000415e-01    1.338903e+19    6.900379e-05    3.450189e-04    8.908351e-05    4.454175e-04
1.171650e+10    1.000349e-01    1.334134e+19    6.888078e-05    3.444039e-04    8.892471e-05    4.446235e-04
1.174820e+10    1.000285e-01    1.329442e+19    6.875954e-05    3.437977e-04    8.876819e-05    4.438409e-04
1.177990e+10    1.000218e-01    1.324705e+19    6.863694e-05    3.431847e-04    8.860990e-05    4.430495e-04
1.181160e+10    1.000154e-01    1.320078e+19    6.851695e-05    3.425847e-04    8.845500e-05    4.422750e-04
1.184320e+10    1.000088e-01    1.315404e+19    6.839557e-05    3.419778e-04    8.829830e-05    4.414915e-04
1.187490e+10    1.000024e-01    1.310808e+19    6.827597e-05    3.413798e-04    8.814390e-05    4.407195e-04
1.190660e+10    9.999598e-02    1.306199e+19    6.815583e-05    3.407792e-04    8.798880e-05    4.399440e-04
1.193830e+10    9.998951e-02    1.301635e+19    6.803665e-05    3.401833e-04    8.783494e-05    4.391747e-04
1.197000e+10    9.998304e-02    1.297057e+19    6.791690e-05    3.395845e-04    8.768034e-05    4.384017e-04
1.200170e+10    9.997673e-02    1.292556e+19    6.779896e-05    3.389948e-04    8.752808e-05    4.376404e-04
1.203340e+10    9.997041e-02    1.288040e+19    6.768040e-05    3.384020e-04    8.737503e-05    4.368751e-04
1.206510e+10    9.996408e-02    1.283598e+19    6.756362e-05    3.378181e-04    8.722426e-05    4.361213e-04
1.209670e+10    9.995776e-02    1.279115e+19    6.744551e-05    3.372275e-04    8.707178e-05    4.353589e-04
1.212840e+10    9.995143e-02    1.274704e+19    6.732913e-05    3.366456e-04    8.692153e-05    4.346076e-04
1.216010e+10    9.994526e-02    1.270279e+19    6.721217e-05    3.360608e-04    8.677054e-05    4.338527e-04
1.219180e+10    9.993894e-02    1.265928e+19    6.709696e-05    3.354848e-04    8.662180e-05    4.331090e-04
1.222350e+10    9.993276e-02    1.261535e+19    6.698044e-05    3.349022e-04    8.647138e-05    4.323569e-04
1.225520e+10    9.992658e-02    1.257214e+19    6.686563e-05    3.343282e-04    8.632316e-05    4.316158e-04
1.228690e+10    9.992041e-02    1.252879e+19    6.675025e-05    3.337513e-04    8.617420e-05    4.308710e-04
1.231860e+10    9.991422e-02    1.248616e+19    6.663660e-05    3.331830e-04    8.602748e-05    4.301374e-04
1.235030e+10    9.990805e-02    1.244312e+19    6.652165e-05    3.326083e-04    8.587908e-05    4.293954e-04
1.238190e+10    9.990201e-02    1.240079e+19    6.640839e-05    3.320419e-04    8.573286e-05    4.286643e-04
1.241360e+10    9.989583e-02    1.235831e+19    6.629456e-05    3.314728e-04    8.558591e-05    4.279296e-04
1.244530e+10    9.988980e-02    1.231655e+19    6.618245e-05    3.309123e-04    8.544118e-05    4.272059e-04
1.247700e+10    9.988376e-02    1.227438e+19    6.606905e-05    3.303452e-04    8.529477e-05    4.264739e-04
1.250870e+10    9.987787e-02    1.223290e+19    6.595732e-05    3.297866e-04    8.515053e-05    4.257527e-04
1.254040e+10    9.987184e-02    1.219128e+19    6.584502e-05    3.292251e-04    8.500556e-05    4.250278e-04
1.257210e+10    9.986581e-02    1.215008e+19    6.573367e-05    3.286684e-04    8.486181e-05    4.243090e-04
1.260380e+10    9.985977e-02    1.210902e+19    6.562251e-05    3.281126e-04    8.471830e-05    4.235915e-04
1.263540e+10    9.985388e-02    1.206839e+19    6.551233e-05    3.275617e-04    8.457606e-05    4.228803e-04
1.266710e+10    9.984799e-02    1.202734e+19    6.540079e-05    3.270040e-04    8.443206e-05    4.221603e-04
1.269880e+10    9.984210e-02    1.198724e+19    6.529170e-05    3.264585e-04    8.429122e-05    4.214561e-04
1.273050e+10    9.983620e-02    1.194674e+19    6.518129e-05    3.259064e-04    8.414868e-05    4.207434e-04
1.276220e+10    9.983046e-02    1.190719e+19    6.507331e-05    3.253666e-04    8.400928e-05    4.200464e-04
1.279390e+10    9.982457e-02    1.186695e+19    6.496327e-05    3.248163e-04    8.386722e-05    4.193361e-04
1.282560e+10    9.981882e-02    1.182766e+19    6.485565e-05    3.242782e-04    8.372829e-05    4.186414e-04
1.285730e+10    9.981293e-02    1.178798e+19    6.474676e-05    3.237338e-04    8.358771e-05    4.179385e-04
1.288890e+10    9.980718e-02    1.174896e+19    6.463950e-05    3.231975e-04    8.344924e-05    4.172462e-04
1.292060e+10    9.980144e-02    1.170980e+19    6.453168e-05    3.226584e-04    8.331004e-05    4.165502e-04
1.295230e+10    9.979569e-02    1.167130e+19    6.442552e-05    3.221276e-04    8.317300e-05    4.158650e-04
1.298400e+10    9.978994e-02    1.163240e+19    6.431806e-05    3.215903e-04    8.303426e-05    4.151713e-04
1.301570e+10    9.978434e-02    1.159416e+19    6.421225e-05    3.210613e-04    8.289766e-05    4.144883e-04
1.304740e+10    9.977859e-02    1.155551e+19    6.410515e-05    3.205257e-04    8.275939e-05    4.137969e-04
1.307910e+10    9.977299e-02    1.151779e+19    6.400043e-05    3.200021e-04    8.262420e-05    4.131210e-04
1.311080e+10    9.976724e-02    1.147966e+19    6.389441e-05    3.194720e-04    8.248733e-05    4.124366e-04
1.314250e+10    9.976178e-02    1.144245e+19    6.379077e-05    3.189538e-04    8.235353e-05    4.117677e-04
1.317410e+10    9.975618e-02    1.140485e+19    6.368587e-05    3.184293e-04    8.221810e-05    4.110905e-04
1.320580e+10    9.975058e-02    1.136762e+19    6.358183e-05    3.179092e-04    8.208380e-05    4.104190e-04
1.323750e+10    9.974497e-02    1.133051e+19    6.347797e-05    3.173899e-04    8.194971e-05    4.097486e-04
1.326920e+10    9.973951e-02    1.129378e+19    6.337501e-05    3.168751e-04    8.181679e-05    4.090839e-04
1.330090e+10    9.973391e-02    1.125692e+19    6.327149e-05    3.163574e-04    8.168314e-05    4.084157e-04
1.333260e+10    9.972845e-02    1.122043e+19    6.316886e-05    3.158443e-04    8.155065e-05    4.077532e-04
1.336430e+10    9.972299e-02    1.118380e+19    6.306567e-05    3.153283e-04    8.141743e-05    4.070872e-04
1.339600e+10    9.971753e-02    1.114781e+19    6.296410e-05    3.148205e-04    8.128631e-05    4.064315e-04
1.342760e+10    9.971207e-02    1.111167e+19    6.286198e-05    3.143099e-04    8.115446e-05    4.057723e-04
1.345930e+10    9.970661e-02    1.107591e+19    6.276074e-05    3.138037e-04    8.102376e-05    4.051188e-04
1.349100e+10    9.970115e-02    1.104001e+19    6.265894e-05    3.132947e-04    8.089234e-05    4.044617e-04
1.352270e+10    9.969583e-02    1.100473e+19    6.255875e-05    3.127937e-04    8.076300e-05    4.038150e-04
1.355440e+10    9.969037e-02    1.096931e+19    6.245799e-05    3.122900e-04    8.063292e-05    4.031646e-04
1.358610e+10    9.968506e-02    1.093426e+19    6.235812e-05    3.117906e-04    8.050399e-05    4.025199e-04
1.361780e+10    9.967974e-02    1.089907e+19    6.225770e-05    3.112885e-04    8.037434e-05    4.018717e-04
1.364950e+10    9.967442e-02    1.086424e+19    6.215815e-05    3.107907e-04    8.024582e-05    4.012291e-04
1.368120e+10    9.966911e-02    1.082953e+19    6.205876e-05    3.102938e-04    8.011751e-05    4.005875e-04
1.371280e+10    9.966379e-02    1.079516e+19    6.196021e-05    3.098010e-04    7.999028e-05    3.999514e-04
1.374450e+10    9.965847e-02    1.076066e+19    6.186113e-05    3.093057e-04    7.986238e-05    3.993119e-04
1.377620e+10    9.965330e-02    1.072653e+19    6.176293e-05    3.088146e-04    7.973560e-05    3.986780e-04
1.380790e+10    9.964798e-02    1.069250e+19    6.166488e-05    3.083244e-04    7.960902e-05    3.980451e-04
1.383960e+10    9.964281e-02    1.065882e+19    6.156770e-05    3.078385e-04    7.948356e-05    3.974178e-04
1.387130e+10    9.963764e-02    1.062501e+19    6.146996e-05    3.073498e-04    7.935738e-05    3.967869e-04
1.390300e+10    9.963247e-02    1.059154e+19    6.137308e-05    3.068654e-04    7.923231e-05    3.961615e-04
1.393470e+10    9.962730e-02    1.055819e+19    6.127636e-05    3.063818e-04    7.910744e-05    3.955372e-04
1.396630e+10    9.962213e-02    1.052493e+19    6.117979e-05    3.058989e-04    7.898277e-05    3.949139e-04
1.399800e+10    9.961696e-02    1.049179e+19    6.108337e-05    3.054169e-04    7.885830e-05    3.942915e-04
1.402970e+10    9.961193e-02    1.045898e+19    6.098781e-05    3.049391e-04    7.873493e-05    3.936746e-04
1.406140e+10    9.960675e-02    1.042627e+19    6.089236e-05    3.044618e-04    7.861171e-05    3.930585e-04
1.409310e+10    9.960172e-02    1.039368e+19    6.079710e-05    3.039855e-04    7.848872e-05    3.924436e-04
1.412480e+10    9.959655e-02    1.036118e+19    6.070199e-05    3.035099e-04    7.836593e-05    3.918296e-04
1.415650e+10    9.959153e-02    1.032902e+19    6.060772e-05    3.030386e-04    7.824423e-05    3.912211e-04
1.418820e+10    9.958649e-02    1.029673e+19    6.051290e-05    3.025645e-04    7.812182e-05    3.906091e-04
1.421980e+10    9.958146e-02    1.026501e+19    6.041962e-05    3.020981e-04    7.800140e-05    3.900070e-04
1.425150e+10    9.957644e-02    1.023315e+19    6.032579e-05    3.016290e-04    7.788027e-05    3.894013e-04
1.428320e+10    9.957155e-02    1.020162e+19    6.023277e-05    3.011639e-04    7.776018e-05    3.888009e-04
1.431490e+10    9.956652e-02    1.016996e+19    6.013923e-05    3.006962e-04    7.763942e-05    3.881971e-04
1.434660e+10    9.956164e-02    1.013863e+19    6.004653e-05    3.002327e-04    7.751974e-05    3.875987e-04
1.437830e+10    9.955661e-02    1.010740e+19    5.995398e-05    2.997699e-04    7.740025e-05    3.870013e-04
1.441000e+10    9.955172e-02    1.007649e+19    5.986225e-05    2.993112e-04    7.728183e-05    3.864091e-04
1.444170e+10    9.954684e-02    1.004544e+19    5.976994e-05    2.988497e-04    7.716267e-05    3.858133e-04
1.447340e+10    9.954195e-02    1.001473e+19    5.967850e-05    2.983925e-04    7.704461e-05    3.852230e-04
1.450500e+10    9.953707e-02    9.983877e+18    5.958651e-05    2.979325e-04    7.692585e-05    3.846293e-04
1.453670e+10    9.953218e-02    9.953581e+18    5.949603e-05    2.974801e-04    7.680904e-05    3.840452e-04
1.456840e+10    9.952730e-02    9.923147e+18    5.940500e-05    2.970250e-04    7.669153e-05    3.834577e-04
1.460010e+10    9.952256e-02    9.893024e+18    5.931477e-05    2.965739e-04    7.657504e-05    3.828752e-04
1.463180e+10    9.951767e-02    9.862776e+18    5.922402e-05    2.961201e-04    7.645789e-05    3.822894e-04
1.466350e+10    9.951293e-02    9.833074e+18    5.913478e-05    2.956739e-04    7.634267e-05    3.817134e-04
1.469520e+10    9.950805e-02    9.803235e+18    5.904499e-05    2.952249e-04    7.622675e-05    3.811337e-04
1.472690e+10    9.950330e-02    9.773702e+18    5.895598e-05    2.947799e-04    7.611184e-05    3.805592e-04
1.475850e+10    9.949856e-02    9.744043e+18    5.886646e-05    2.943323e-04    7.599627e-05    3.799814e-04
1.479020e+10    9.949382e-02    9.714698e+18    5.877775e-05    2.938888e-04    7.588175e-05    3.794088e-04
1.482190e+10    9.948908e-02    9.685442e+18    5.868918e-05    2.934459e-04    7.576741e-05    3.788370e-04
1.485360e+10    9.948434e-02    9.656486e+18    5.860138e-05    2.930069e-04    7.565406e-05    3.782703e-04
1.488530e+10    9.947974e-02    9.627183e+18    5.851240e-05    2.925620e-04    7.553919e-05    3.776959e-04
1.491700e+10    9.947500e-02    9.598633e+18    5.842558e-05    2.921279e-04    7.542710e-05    3.771355e-04
1.494870e+10    9.947026e-02    9.569726e+18    5.833753e-05    2.916877e-04    7.531343e-05    3.765672e-04
1.498040e+10    9.946566e-02    9.541336e+18    5.825094e-05    2.912547e-04    7.520164e-05    3.760082e-04
1.501210e+10    9.946106e-02    9.512821e+18    5.816383e-05    2.908191e-04    7.508918e-05    3.754459e-04
