Rosseland opacity table for the element mix X=0.70, Y=0.28 and Z=0.20
based on Seaton et al. (1994),  Alexander & Ferguson (1994) ApJ, 437, 879, 
and Henning & Stognienko R. (1996), A&A 311, 291 in OP-format (log T vs log R)
000024 000141 --- number of points in log R and log T
logr  -7.500 -7.000 -6.500 -6.000 -5.500 -5.000 -4.500 -4.000 -3.500 -3.000 -2.500 -2.000 -1.500 -1.000 -0.500 +0.000 +0.500 +1.000 +1.500 +2.000 +2.500 +3.000 +3.500 +4.000
1.000 -1.775 -1.775 -1.775 -1.775 -1.775 -1.775 -1.775 -1.775 -1.775 -1.775 -1.775 -1.775 -1.775 -1.775 -1.775 -1.775 -1.775 -1.775 -1.775 -1.775 -1.775 -1.775 -1.775 -1.775
1.050 -1.592 -1.592 -1.592 -1.592 -1.592 -1.592 -1.592 -1.592 -1.592 -1.592 -1.592 -1.592 -1.592 -1.592 -1.592 -1.592 -1.592 -1.592 -1.592 -1.592 -1.592 -1.592 -1.592 -1.592
1.100 -1.447 -1.447 -1.447 -1.447 -1.447 -1.447 -1.447 -1.447 -1.447 -1.447 -1.447 -1.447 -1.447 -1.447 -1.447 -1.447 -1.447 -1.447 -1.447 -1.447 -1.447 -1.447 -1.447 -1.447
1.150 +0.000 -1.323 -1.323 -1.323 -1.323 -1.323 -1.323 -1.323 -1.323 -1.323 -1.323 -1.323 -1.323 -1.323 -1.323 -1.323 -1.323 -1.323 -1.323 -1.323 -1.323 -1.323 -1.323 -1.323
1.200 +0.000 -1.213 -1.213 -1.213 -1.213 -1.213 -1.213 -1.213 -1.213 -1.213 -1.213 -1.213 -1.213 -1.213 -1.213 -1.213 -1.213 -1.213 -1.213 -1.213 -1.213 -1.213 -1.213 -1.213
1.250 +0.000 -1.112 -1.112 -1.112 -1.112 -1.112 -1.112 -1.112 -1.112 -1.112 -1.112 -1.112 -1.112 -1.112 -1.112 -1.112 -1.112 -1.112 -1.112 -1.112 -1.112 -1.112 -1.112 -1.112
1.300 +0.000 -1.016 -1.016 -1.016 -1.016 -1.016 -1.016 -1.016 -1.016 -1.016 -1.016 -1.016 -1.016 -1.016 -1.016 -1.016 -1.016 -1.016 -1.016 -1.016 -1.016 -1.016 -1.016 -1.016
1.350 +0.000 -0.925 -0.925 -0.925 -0.925 -0.925 -0.925 -0.925 -0.925 -0.925 -0.925 -0.925 -0.925 -0.925 -0.925 -0.925 -0.925 -0.925 -0.925 -0.925 -0.925 -0.925 -0.925 -0.925
1.400 +0.000 -0.836 -0.836 -0.836 -0.836 -0.836 -0.836 -0.836 -0.836 -0.836 -0.836 -0.836 -0.836 -0.836 -0.836 -0.836 -0.836 -0.836 -0.836 -0.836 -0.836 -0.836 -0.836 -0.836
1.450 +0.000 -0.749 -0.749 -0.749 -0.749 -0.749 -0.749 -0.749 -0.749 -0.749 -0.749 -0.749 -0.749 -0.749 -0.749 -0.749 -0.749 -0.749 -0.749 -0.749 -0.749 -0.749 -0.749 -0.749
1.500 +0.000 -0.661 -0.661 -0.661 -0.661 -0.661 -0.661 -0.661 -0.661 -0.661 -0.661 -0.661 -0.661 -0.661 -0.661 -0.661 -0.661 -0.661 -0.661 -0.661 -0.661 -0.661 -0.661 -0.661
1.550 +0.000 -0.574 -0.574 -0.574 -0.574 -0.574 -0.574 -0.574 -0.574 -0.574 -0.574 -0.574 -0.574 -0.574 -0.574 -0.574 -0.574 -0.574 -0.574 -0.574 -0.574 -0.574 -0.574 -0.574
1.600 +0.000 -0.485 -0.485 -0.485 -0.485 -0.485 -0.485 -0.485 -0.485 -0.485 -0.485 -0.485 -0.485 -0.485 -0.485 -0.485 -0.485 -0.485 -0.485 -0.485 -0.485 -0.485 -0.485 -0.485
1.650 +0.000 -0.394 -0.394 -0.394 -0.394 -0.394 -0.394 -0.394 -0.394 -0.394 -0.394 -0.394 -0.394 -0.394 -0.394 -0.394 -0.394 -0.394 -0.394 -0.394 -0.394 -0.394 -0.394 -0.394
1.700 +0.000 -0.300 -0.300 -0.300 -0.300 -0.300 -0.300 -0.300 -0.300 -0.300 -0.300 -0.300 -0.300 -0.300 -0.300 -0.300 -0.300 -0.300 -0.300 -0.300 -0.300 -0.300 -0.300 -0.300
1.750 +0.000 -0.204 -0.204 -0.204 -0.204 -0.204 -0.204 -0.204 -0.204 -0.204 -0.204 -0.204 -0.204 -0.204 -0.204 -0.204 -0.204 -0.204 -0.204 -0.204 -0.204 -0.204 -0.204 -0.204
1.800 +0.000 -0.105 -0.105 -0.105 -0.105 -0.105 -0.105 -0.105 -0.105 -0.105 -0.105 -0.105 -0.105 -0.105 -0.105 -0.105 -0.105 -0.105 -0.105 -0.105 -0.105 -0.105 -0.105 -0.105
1.850 +0.000 -0.002 -0.002 -0.002 -0.002 -0.002 -0.002 -0.002 -0.002 -0.002 -0.002 -0.002 -0.002 -0.002 -0.002 -0.002 -0.002 -0.002 -0.002 -0.002 -0.002 -0.002 -0.002 -0.002
1.900 +0.000 +0.105 +0.105 +0.105 +0.105 +0.105 +0.105 +0.105 +0.105 +0.105 +0.105 +0.105 +0.105 +0.105 +0.105 +0.105 +0.105 +0.105 +0.105 +0.105 +0.105 +0.105 +0.105 +0.105
1.950 +0.000 +0.213 +0.213 +0.213 +0.213 +0.213 +0.213 +0.213 +0.213 +0.213 +0.213 +0.213 +0.213 +0.213 +0.213 +0.213 +0.213 +0.213 +0.213 +0.213 +0.213 +0.213 +0.213 +0.213
2.000 +0.000 +0.315 +0.315 +0.315 +0.315 +0.315 +0.315 +0.315 +0.315 +0.315 +0.315 +0.315 +0.315 +0.315 +0.315 +0.315 +0.315 +0.315 +0.315 +0.315 +0.315 +0.315 +0.315 +0.315
2.050 +0.000 +0.403 +0.403 +0.403 +0.403 +0.403 +0.403 +0.403 +0.403 +0.403 +0.403 +0.403 +0.403 +0.403 +0.403 +0.403 +0.403 +0.403 +0.403 +0.403 +0.403 +0.403 +0.403 +0.403
2.100 +0.000 +0.479 +0.479 +0.479 +0.479 +0.479 +0.479 +0.479 +0.479 +0.479 +0.479 +0.479 +0.479 +0.479 +0.479 +0.479 +0.479 +0.479 +0.479 +0.479 +0.479 +0.479 +0.479 +0.479
2.150 +0.000 +0.543 +0.543 +0.543 +0.543 +0.543 +0.543 +0.543 +0.543 +0.543 +0.543 +0.543 +0.543 +0.543 +0.543 +0.543 +0.543 +0.543 +0.543 +0.543 +0.543 +0.543 +0.543 +0.543
2.200 +0.000 +0.597 +0.597 +0.597 +0.597 +0.597 +0.597 +0.597 +0.597 +0.597 +0.597 +0.597 +0.597 +0.597 +0.597 +0.597 +0.597 +0.597 +0.597 +0.597 0.597 +0.597 +0.597 +0.597
2.250 +0.000 +0.643 +0.643 +0.643 +0.643 +0.643 +0.643 +0.643 +0.643 +0.643 +0.643 +0.643 +0.643 +0.643 +0.643 +0.643 +0.643 +0.643 +0.643 +0.643 +0.643 +0.643 +0.643 +0.643
2.300 +0.000 +0.683 +0.683 +0.683 +0.683 +0.683 +0.683 +0.683 +0.683 +0.683 +0.683 +0.683 +0.683 +0.683 +0.683 +0.683 +0.683 +0.683 +0.683 +0.683 +0.683 +0.683 +0.683 +0.683
2.350 +0.000 +0.722 +0.722 +0.722 +0.722 +0.722 +0.722 +0.722 +0.722 +0.722 +0.722 +0.722 +0.722 +0.722 +0.722 +0.722 +0.722 +0.722 +0.722 +0.722 +0.722 +0.722 +0.722 +0.722
2.400 +0.000 +0.763 +0.763 +0.763 +0.763 +0.763 +0.763 +0.763 +0.763 +0.763 +0.763 +0.763 +0.763 +0.763 +0.763 +0.763 +0.763 +0.763 +0.763 +0.763 +0.763 +0.763 +0.763 +0.763
2.450 +0.000 +0.803 +0.803 +0.803 +0.803 +0.803 +0.803 +0.803 +0.803 +0.803 +0.803 +0.803 +0.803 +0.803 +0.803 +0.803 +0.803 +0.803 +0.803 +0.803 +0.803 +0.803 +0.803 +0.803
2.500 +0.000 +0.836 +0.836 +0.836 +0.836 +0.836 +0.836 +0.836 +0.836 +0.836 +0.836 +0.836 +0.836 +0.836 +0.836 +0.836 +0.836 +0.836 +0.836 +0.836 +0.836 +0.836 +0.836 +0.836
2.550 +0.000 +0.852 +0.852 +0.852 +0.852 +0.852 +0.852 +0.852 +0.852 +0.852 +0.852 +0.852 +0.852 +0.852 +0.852 +0.852 +0.852 +0.852 +0.852 +0.852 +0.852 +0.852 +0.852 +0.852
2.600 +0.000 +0.854 +0.854 +0.854 +0.854 +0.854 +0.854 +0.854 +0.854 +0.854 +0.854 +0.854 +0.854 +0.854 +0.854 +0.854 +0.854 +0.854 +0.854 +0.854 +0.854 +0.854 +0.854 +0.854
2.650 +0.000 +0.859 +0.859 +0.859 +0.859 +0.859 +0.859 +0.859 +0.859 +0.859 +0.859 +0.859 +0.859 +0.859 +0.859 +0.859 +0.859 +0.859 +0.859 +0.859 +0.859 +0.859 +0.859 +0.859
2.700 +0.000 +0.885 +0.885 +0.885 +0.885 +0.885 +0.885 +0.885 +0.885 +0.885 +0.885 +0.885 +0.885 +0.885 +0.885 +0.885 +0.885 +0.885 +0.885 +0.885 +0.885 +0.885 +0.885 +0.885
2.750 +0.000 +0.842 +0.842 +0.842 +0.842 +0.842 +0.842 +0.842 +0.842 +0.842 +0.842 +0.842 +0.842 +0.842 +0.842 +0.842 +0.842 +0.842 +0.842 +0.842 +0.842 +0.842 +0.842 +0.842
2.800 +0.000 +0.551 +0.551 +0.551 +0.551 +0.551 +0.551 +0.551 +0.551 +0.551 +0.551 +0.551 +0.551 +0.551 +0.551 +0.551 +0.551 +0.551 +0.551 +0.551 +0.551 +0.551 +0.551 +0.551
2.850 +0.000 +0.472 +0.472 +0.472 +0.472 +0.472 +0.472 +0.472 +0.472 +0.472 +0.472 +0.472 +0.472 +0.472 +0.472 +0.472 +0.472 +0.472 +0.472 +0.472 +0.472 +0.472 +0.472 +0.472
2.900 +0.000 +0.474 +0.481 +0.481 +0.481 +0.481 +0.481 +0.481 +0.481 +0.481 +0.481 +0.481 +0.481 +0.481 +0.481 +0.481 +0.481 +0.481 +0.481 +0.481 +0.481 +0.481 +0.481 +0.481
2.950 +0.000 +0.440 +0.458 +0.483 +0.506 +0.518 +0.519 +0.520 +0.520 +0.520 +0.520 +0.520 +0.520 +0.520 +0.520 +0.520 +0.520 +0.520 +0.520 +0.520 +0.520 +0.520 +0.520 +0.520
3.000 +0.000 +0.265 +0.301 +0.360 +0.410 +0.446 +0.487 +0.526 +0.549 +0.559 +0.560 +0.560 +0.560 +0.560 +0.560 +0.560 +0.560 +0.560 +0.560 +0.560 +0.560 +0.560 +0.560 +0.560
3.050 +0.000 -0.078 -0.078 -0.055 -0.036 +0.040 +0.191 +0.296 +0.357 +0.419 +0.489 +0.551 +0.579 +0.599 +0.603 +0.604 +0.605 +0.605 +0.605 +0.605 +0.605 +0.605 +0.605 +0.605
3.100 +0.000 -2.423 -2.423 -2.423 -2.424 -2.424 -2.425 -1.346 -1.092 -0.862 -0.269 +0.060 +0.143 +0.354 +0.505 +0.593 +0.626 +0.657 +0.000 +0.000 +0.000 +0.000 +0.000 +0.000
3.150 +0.000 -2.496 -2.448 -2.434 -2.429 -2.428 -2.427 -2.427 -2.427 -2.428 -2.428 -2.429 -1.133 -0.936 -0.756 -0.653 +0.026 +0.413 +0.000 +0.000 +0.000 +0.000 +0.000 +0.000
3.200 +0.000 -4.011 -3.281 -2.702 -2.420 -2.329 -2.301 -2.291 -2.288 -2.285 -2.284 -2.284 -2.285 -2.285 -2.284 -2.284 -2.280 -0.881 +0.000 +0.000 +0.000 +0.000 +0.000 +0.000
3.250 +0.000 -5.131 -4.888 -4.409 -3.724 -3.012 -2.463 -2.186 -2.088 -2.057 -2.045 -2.040 -2.037 -2.036 -2.034 -2.033 -2.032 -2.029 +0.000 +0.000 +0.000 +0.000 +0.000 +0.000
3.300 +0.000 -5.133 -5.117 -5.060 -4.894 -4.515 -3.903 -3.194 -2.559 -2.134 -1.939 -1.869 -1.844 -1.834 -1.828 -1.825 -1.822 -1.820 +0.000 +0.000 +0.000 +0.000 +0.000 +0.000
3.350 +0.000 -4.796 -4.896 -4.971 -5.004 -4.974 -4.832 -4.479 -3.881 -3.174 -2.529 -2.055 -1.802 -1.698 -1.658 -1.641 -1.631 -1.623 +0.000 +0.000 +0.000 +0.000 +0.000 +0.000
3.400 +0.000 -4.387 -4.460 -4.550 -4.650 -4.745 -4.812 -4.818 -4.688 -4.319 -3.700 -2.990 -2.351 -1.885 -1.625 -1.507 -1.454 -1.428 +0.000 +0.000 +0.000 +0.000 +0.000 +0.000
3.450 +0.000 -4.203 -4.207 -4.231 -4.274 -4.333 -4.404 -4.469 -4.503 -4.465 -4.279 -3.870 -3.270 -2.608 -2.014 -1.596 -1.363 -1.245 +0.000 +0.000 +0.000 +0.000 +0.000 +0.000
3.500 -4.162 -4.182 -4.169 -4.147 -4.121 -4.102 -4.094 -4.086 -4.059 -3.996 -3.883 -3.695 -3.413 -3.019 -2.521 -1.979 -1.498 -1.169 +0.000 +0.000 +0.000 +0.000 +0.000 +0.000
3.550 -3.808 -3.939 -4.032 -4.085 -4.100 -4.083 -4.036 -3.953 -3.828 -3.652 -3.431 -3.177 -2.905 -2.626 -2.338 -2.037 -1.729 -1.432 +0.000 +0.000 +0.000 +0.000 +0.000 +0.000
3.600 -3.103 -3.297 -3.478 -3.641 -3.782 -3.889 -3.940 -3.916 -3.792 -3.557 -3.234 -2.867 -2.498 -2.147 -1.824 -1.518 -1.223 -0.935 +0.000 +0.000 +0.000 +0.000 +0.000 +0.000
3.650 -2.298 -2.523 -2.743 -2.952 -3.147 -3.323 -3.466 -3.547 -3.533 -3.391 -3.118 -2.740 -2.313 -1.882 -1.477 -1.106 -0.766 -0.453 +0.000 +0.000 +0.000 +0.000 +0.000 +0.000
3.700 -1.539 -1.767 -1.998 -2.225 -2.443 -2.644 -2.813 -2.921 -2.933 -2.839 -2.651 -2.392 -2.072 -1.694 -1.277 -0.855 -0.453 -0.082 +0.000 +0.000 +0.000 +0.000 +0.000 +0.000
3.750 -0.923 -1.113 -1.322 -1.537 -1.750 -1.950 -2.118 -2.225 -2.238 -2.147 -1.982 -1.766 -1.520 -1.248 -0.945 -0.601 -0.217 +0.180 +0.000 +0.000 +0.000 +0.000 +0.000 +0.000
3.800 -0.593 -0.669 -0.788 -0.939 -1.103 -1.265 -1.401 -1.484 -1.490 -1.414 -1.269 -1.082 -0.873 -0.645 -0.401 -0.134 +0.162 +0.493 +0.000 +0.000 +0.000 +0.000 +0.000 +0.000
3.850 -0.526 -0.521 -0.521 -0.537 -0.581 -0.642 -0.699 -0.729 -0.715 -0.651 -0.540 -0.393 -0.219 -0.027 +0.184 +0.413 +0.663 +0.930 +0.000 +0.000 +0.000 +0.000 +0.000 +0.000
3.900 -0.523 -0.506 -0.467 -0.401 -0.308 -0.206 -0.112 -0.036 +0.035 +0.110 +0.199 +0.308 +0.439 +0.592 +0.766 +0.961 +1.179 +1.419 +0.000 +0.000 +0.000 +0.000 +0.000 +0.000
3.950 -0.528 -0.513 -0.471 -0.389 -0.248 -0.040 +0.214 +0.458 +0.650 +0.786 +0.894 +0.991 +1.093 +1.208 +1.344 +1.501 +1.684 +1.889 +0.000 +0.000 +0.000 +0.000 +0.000 +0.000
4.000 -0.522 -0.516 -0.485 -0.410 -0.266 -0.030 +0.292 +0.660 +0.999 +1.261 +1.444 +1.574 +1.679 +1.779 +1.886 +2.012 +2.158 +2.327 +0.000 +0.000 +0.000 +0.000 +0.000 +0.000
4.050 -0.493 -0.491 -0.474 -0.418 -0.291 -0.066 +0.264 +0.670 +1.094 +1.479 +1.783 +1.995 +2.146 +2.262 +2.366 +2.473 +2.594 +2.730 +0.000 +0.000 +0.000 +0.000 +0.000 +0.000
4.100 -0.476 -0.470 -0.453 -0.404 -0.294 -0.095 +0.209 +0.605 +1.054 +1.507 +1.907 +2.220 +2.446 +2.612 +2.747 +2.865 +2.974 +3.089 +0.000 +0.000 +0.000 +0.000 +0.000 +0.000
4.150 -0.463 -0.451 -0.428 -0.381 -0.282 -0.103 +0.172 +0.538 +0.971 +1.440 +1.905 +2.320 +2.643 +2.878 +3.049 +3.185 +3.299 +3.406 +0.000 +0.000 +0.000 +0.000 +0.000 +0.000
4.200 -0.459 -0.441 -0.414 -0.363 -0.268 -0.101 +0.156 +0.499 +0.910 +1.367 +1.846 +2.318 +2.733 +3.054 +3.284 +3.457 +3.593 +3.704 +0.000 +0.000 +0.000 +0.000 +0.000 +0.000
4.250 -0.460 -0.440 -0.409 -0.357 -0.263 -0.102 +0.144 +0.476 +0.878 +1.325 +1.800 +2.285 +2.753 +3.155 +3.461 +3.683 +3.856 +3.987 +0.000 +0.000 +0.000 +0.000 +0.000 +0.000
4.300 -0.459 -0.440 -0.408 -0.355 -0.263 -0.108 +0.131 +0.460 +0.863 +1.314 +1.789 +2.275 +2.763 +3.218 +3.593 +3.872 +4.082 +4.251 +0.000 +0.000 +0.000 +0.000 +0.000 +0.000
4.350 -0.447 -0.427 -0.395 -0.342 -0.254 -0.105 +0.129 +0.455 +0.863 +1.322 +1.806 +2.300 +2.795 +3.273 +3.697 +4.033 +4.284 +4.484 +0.000 +0.000 +0.000 +0.000 +0.000 +0.000
4.400 -0.431 -0.411 -0.374 -0.317 -0.230 -0.088 +0.137 +0.461 +0.872 +1.342 +1.840 +2.347 +2.851 +3.342 +3.794 +4.174 +4.467 +4.687 +0.000 +0.000 +0.000 +0.000 +0.000 +0.000
4.450 -0.418 -0.396 -0.355 -0.289 -0.191 -0.047 +0.172 +0.489 +0.899 +1.374 +1.882 +2.400 +2.919 +3.426 +3.897 +4.307 +4.627 +4.861 +0.000 +0.000 +0.000 +0.000 +0.000 +0.000
4.500 -0.410 -0.387 -0.342 -0.265 -0.151 +0.010 +0.237 +0.550 +0.952 +1.423 +1.935 +2.463 +2.995 +3.516 +4.003 +4.432 +4.771 +5.017 +0.000 +0.000 +0.000 +0.000 +0.000 +0.000
4.550 -0.408 -0.383 -0.336 -0.253 -0.121 +0.068 +0.320 +0.646 +1.046 +1.505 +2.007 +2.534 +3.071 +3.601 +4.101 +4.541 +4.894 +5.128 +0.000 +0.000 +0.000 +0.000 +0.000 +0.000
4.600 -0.409 -0.385 -0.341 -0.257 -0.116 +0.097 +0.384 +0.739 +1.151 +1.607 +2.095 +2.609 +3.139 +3.668 +4.172 +4.620 +4.959 +5.199 +0.000 +0.000 +0.000 +0.000 +0.000 +0.000
4.650 -0.411 -0.389 -0.348 -0.271 -0.132 +0.091 +0.404 +0.792 +1.228 +1.691 +2.174 +2.674 +3.188 +3.706 +4.203 +4.644 +4.988 +5.247 +0.000 +0.000 +0.000 +0.000 +0.000 +0.000
4.700 -0.412 -0.392 -0.355 -0.284 -0.155 +0.062 +0.379 +0.783 +1.243 +1.725 +2.214 +2.708 +3.207 +3.705 +4.186 +4.616 +4.967 +5.252 +0.000 +0.000 +0.000 +0.000 +0.000 +0.000
4.750 -0.412 -0.393 -0.359 -0.296 -0.178 +0.026 +0.334 +0.734 +1.199 +1.694 +2.196 +2.694 +3.186 +3.669 +4.132 +4.550 +4.921 +5.210 +0.000 +0.000 +0.000 +0.000 +0.000 +0.000
4.800 -0.414 -0.395 -0.362 -0.304 -0.197 -0.009 +0.283 +0.671 +1.126 +1.620 +2.130 +2.637 +3.133 +3.611 +4.063 +4.477 +4.849 +5.132 +0.000 +0.000 +0.000 +0.000 +0.000 +0.000
4.850 -0.410 -0.393 -0.361 -0.307 -0.208 -0.033 +0.241 +0.611 +1.054 +1.542 +2.052 +2.566 +3.068 +3.551 +4.001 +4.415 +4.780 +5.047 +0.000 +0.000 +0.000 +0.000 +0.000 +0.000
4.900 -0.401 -0.384 -0.353 -0.302 -0.209 -0.046 +0.212 +0.567 +0.999 +1.480 +1.987 +2.503 +3.012 +3.501 +3.955 +4.370 +4.717 +4.976 +0.000 +0.000 +0.000 +0.000 +0.000 +0.000
4.950 -0.386 -0.369 -0.339 -0.289 -0.203 -0.050 +0.196 +0.540 +0.963 +1.440 +1.946 +2.462 +2.973 +3.467 +3.926 +4.336 +4.669 +4.905 +0.000 +0.000 +0.000 +0.000 +0.000 +0.000
5.000 -0.357 -0.341 -0.312 -0.264 -0.181 -0.037 +0.197 +0.530 +0.949 +1.425 +1.929 +2.443 +2.953 +3.447 +3.906 +4.307 +4.614 +4.812 +0.000 +0.000 +0.000 +0.000 +0.000 +0.000
5.050 -0.313 -0.297 -0.268 -0.222 -0.143 -0.005 +0.219 +0.541 +0.953 +1.425 +1.928 +2.438 +2.944 +3.432 +3.881 +4.263 +4.541 +4.714 +0.000 +0.000 +0.000 +0.000 +0.000 +0.000
5.100 -0.256 -0.235 -0.203 -0.156 -0.079 +0.053 +0.267 +0.576 +0.975 +1.438 +1.934 +2.439 +2.935 +3.406 +3.833 +4.187 +4.441 +4.601 +0.000 +0.000 +0.000 +0.000 +0.000 +0.000
5.150 -0.207 -0.174 -0.132 -0.079 +0.001 +0.131 +0.337 +0.632 +1.014 +1.461 +1.946 +2.439 +2.916 +3.357 +3.750 +4.074 +4.314 +4.473 +0.000 +0.000 +0.000 +0.000 +0.000 +0.000
5.200 -0.181 -0.132 -0.074 -0.004 +0.087 +0.220 +0.421 +0.701 +1.061 +1.487 +1.954 +2.431 +2.880 +3.281 +3.631 +3.930 +4.168 +4.333 +0.000 +0.000 +0.000 +0.000 +0.000 +0.000
5.250 -0.195 -0.131 -0.053 +0.038 +0.150 +0.299 +0.503 +0.771 +1.109 +1.511 +1.957 +2.409 +2.823 +3.179 +3.490 +3.771 +4.012 +4.183 +0.000 +0.000 +0.000 +0.000 +0.000 +0.000
5.300 -0.245 -0.172 -0.082 +0.029 +0.165 +0.338 +0.554 +0.819 +1.140 +1.520 +1.941 +2.366 +2.744 +3.061 +3.340 +3.609 +3.850 +4.033 +0.000 +0.000 +0.000 +0.000 +0.000 +0.000
5.350 -0.311 -0.241 -0.146 -0.025 +0.128 +0.322 +0.558 +0.835 +1.154 +1.515 +1.910 +2.303 +2.649 +2.934 +3.191 +3.449 +3.689 +3.895 +0.000 +0.000 +0.000 +0.000 +0.000 +0.000
5.400 -0.374 -0.315 -0.229 -0.110 +0.046 +0.252 +0.509 +0.809 +1.139 +1.494 +1.866 +2.229 +2.544 +2.805 +3.047 +3.295 +3.537 +0.000 +0.000 +0.000 +0.000 +0.000 +0.000 +0.000
5.450 -0.418 -0.375 -0.307 -0.204 -0.055 +0.152 +0.421 +0.741 +1.092 +1.454 +1.814 +2.151 +2.439 +2.680 +2.909 +3.149 +3.399 +0.000 +0.000 +0.000 +0.000 +0.000 +0.000 +0.000
5.500 -0.446 -0.420 -0.372 -0.291 -0.161 +0.035 +0.306 +0.642 +1.017 +1.396 +1.755 +2.073 +2.338 +2.562 +2.780 +3.015 +3.274 +0.000 +0.000 +0.000 +0.000 +0.000 +0.000 +0.000
5.550 -0.457 -0.442 -0.412 -0.355 -0.253 -0.080 +0.184 +0.532 +0.930 +1.329 +1.691 +1.997 +2.243 +2.453 +2.661 +2.895 +0.000 +0.000 +0.000 +0.000 +0.000 +0.000 +0.000 +0.000
5.600 -0.462 -0.452 -0.434 -0.398 -0.324 -0.181 +0.064 +0.416 +0.836 +1.256 +1.625 +1.923 +2.155 +2.354 +2.554 +2.790 +0.000 +0.000 +0.000 +0.000 +0.000 +0.000 +0.000 +0.000
5.650 -0.463 -0.456 -0.444 -0.421 -0.372 -0.263 -0.050 +0.292 +0.727 +1.174 +1.557 +1.851 +2.075 +2.266 +2.464 +2.697 +0.000 +0.000 +0.000 +0.000 +0.000 +0.000 +0.000 +0.000
5.700 -0.464 -0.458 -0.449 -0.432 -0.398 -0.320 -0.147 +0.165 +0.601 +1.072 +1.479 +1.781 +2.003 +2.190 +2.388 +0.000 +0.000 +0.000 +0.000 +0.000 +0.000 +0.000 +0.000 +0.000
5.750 -0.465 -0.460 -0.451 -0.438 -0.413 -0.355 -0.219 +0.052 +0.470 +0.955 +1.388 +1.708 +1.936 +2.125 +2.323 +0.000 +0.000 +0.000 +0.000 +0.000 +0.000 +0.000 +0.000 +0.000
5.800 -0.465 -0.460 -0.453 -0.442 -0.421 -0.374 -0.266 -0.037 +0.347 +0.829 +1.285 +1.629 +1.871 +2.067 +2.267 +0.000 +0.000 +0.000 +0.000 +0.000 +0.000 +0.000 +0.000 +0.000
5.850 -0.464 -0.460 -0.454 -0.444 -0.424 -0.383 -0.291 -0.096 +0.249 +0.714 +1.181 +1.548 +1.809 +2.014 +2.216 +0.000 +0.000 +0.000 +0.000 +0.000 +0.000 +0.000 +0.000 +0.000
5.900 -0.463 -0.460 -0.454 -0.445 -0.427 -0.390 -0.308 -0.136 +0.178 +0.619 +1.087 +1.470 +1.748 +1.964 +2.172 +0.000 +0.000 +0.000 +0.000 +0.000 +0.000 +0.000 +0.000 +0.000
5.950 -0.462 -0.457 -0.452 -0.443 -0.427 -0.393 -0.316 -0.158 +0.129 +0.545 +1.006 +1.401 +1.695 +1.922 +2.133 +0.000 +0.000 +0.000 +0.000 +0.000 +0.000 +0.000 +0.000 +0.000
6.000 -0.460 -0.454 -0.448 -0.440 -0.425 -0.392 -0.321 -0.173 +0.096 +0.491 +0.940 +1.341 +1.650 +1.889 +2.097 +0.000 +0.000 +0.000 +0.000 +0.000 +0.000 +0.000 +0.000 +0.000
6.050 -0.458 -0.451 -0.443 -0.433 -0.418 -0.387 -0.320 -0.181 +0.073 +0.451 +0.888 +1.292 +1.612 +1.858 +2.064 +0.000 +0.000 +0.000 +0.000 +0.000 +0.000 +0.000 +0.000 +0.000
6.100 -0.460 -0.450 -0.439 -0.426 -0.408 -0.377 -0.314 -0.184 +0.058 +0.420 +0.847 +1.252 +1.579 +1.829 +2.020 +0.000 +0.000 +0.000 +0.000 +0.000 +0.000 +0.000 +0.000 +0.000
6.150 -0.463 -0.454 -0.441 -0.423 -0.400 -0.365 -0.303 -0.180 +0.049 +0.397 +0.815 +1.218 +1.548 +1.788 +1.976 +0.000 +0.000 +0.000 +0.000 +0.000 +0.000 +0.000 +0.000 +0.000
6.200 -0.466 -0.459 -0.447 -0.428 -0.400 -0.357 -0.289 -0.169 +0.048 +0.382 +0.790 +1.188 +1.504 +1.732 +1.922 +0.000 +0.000 +0.000 +0.000 +0.000 +0.000 +0.000 +0.000 +0.000
6.250 -0.468 -0.463 -0.454 -0.439 -0.409 -0.359 -0.281 -0.154 +0.057 +0.377 +0.770 +1.155 +1.454 +1.668 +1.839 +0.000 +0.000 +0.000 +0.000 +0.000 +0.000 +0.000 +0.000 +0.000
6.300 -0.468 -0.465 -0.460 -0.450 -0.425 -0.375 -0.286 -0.146 +0.071 +0.382 +0.756 +1.115 +1.391 +1.586 +1.752 +0.000 +0.000 +0.000 +0.000 +0.000 +0.000 +0.000 +0.000 +0.000
6.350 -0.469 -0.466 -0.462 -0.456 -0.440 -0.397 -0.308 -0.154 +0.078 +0.388 +0.741 +1.066 +1.310 +1.484 +1.666 +0.000 +0.000 +0.000 +0.000 +0.000 +0.000 +0.000 +0.000 +0.000
6.400 -0.469 -0.467 -0.464 -0.460 -0.449 -0.417 -0.337 -0.181 +0.065 +0.380 +0.713 +1.002 +1.215 +1.382 +1.572 +0.000 +0.000 +0.000 +0.000 +0.000 +0.000 +0.000 +0.000 +0.000
6.450 -0.470 -0.467 -0.465 -0.462 -0.454 -0.431 -0.366 -0.219 +0.030 +0.347 +0.661 +0.919 +1.109 +1.277 +1.479 +0.000 +0.000 +0.000 +0.000 +0.000 +0.000 +0.000 +0.000 +0.000
6.500 -0.470 -0.468 -0.466 -0.463 -0.457 -0.439 -0.387 -0.258 -0.021 +0.289 +0.588 +0.821 +1.000 +1.171 +1.387 +0.000 +0.000 +0.000 +0.000 +0.000 +0.000 +0.000 +0.000 +0.000
6.550 -0.470 -0.468 -0.466 -0.464 -0.459 -0.444 -0.403 -0.293 -0.077 +0.215 +0.499 +0.718 +0.890 +1.067 +1.301 +0.000 +0.000 +0.000 +0.000 +0.000 +0.000 +0.000 +0.000 +0.000
6.600 -0.470 -0.469 -0.467 -0.466 -0.461 -0.449 -0.414 -0.321 -0.131 +0.138 +0.406 +0.615 +0.784 +0.968 +1.218 +0.000 +0.000 +0.000 +0.000 +0.000 +0.000 +0.000 +0.000 +0.000
6.650 -0.471 -0.469 -0.468 -0.467 -0.463 -0.453 -0.423 -0.343 -0.178 +0.064 +0.314 +0.517 +0.683 +0.876 +1.137 +0.000 +0.000 +0.000 +0.000 +0.000 +0.000 +0.000 +0.000 +0.000
6.700 -0.471 -0.470 -0.469 -0.468 -0.465 -0.456 -0.430 -0.363 -0.220 -0.005 +0.227 +0.421 +0.591 +0.789 +1.058 +0.000 +0.000 +0.000 +0.000 +0.000 +0.000 +0.000 +0.000 +0.000
6.750 -0.472 -0.471 -0.469 -0.468 -0.466 -0.459 -0.437 -0.380 -0.257 -0.068 +0.144 +0.331 +0.502 +0.706 +0.991 +0.000 +0.000 +0.000 +0.000 +0.000 +0.000 +0.000 +0.000 +0.000
6.800 -0.472 -0.471 -0.470 -0.469 -0.467 -0.461 -0.443 -0.395 -0.291 -0.125 +0.067 +0.246 +0.418 +0.632 +0.925 +0.000 +0.000 +0.000 +0.000 +0.000 +0.000 +0.000 +0.000 +0.000
6.850 -0.473 -0.471 -0.470 -0.469 -0.468 -0.463 -0.448 -0.408 -0.319 -0.176 -0.004 +0.166 +0.343 +0.565 +0.860 +0.000 +0.000 +0.000 +0.000 +0.000 +0.000 +0.000 +0.000 +0.000
6.900 -0.473 -0.472 -0.471 -0.470 -0.468 -0.464 -0.451 -0.418 -0.343 -0.220 -0.065 +0.096 +0.275 +0.501 +0.804 +0.000 +0.000 +0.000 +0.000 +0.000 +0.000 +0.000 +0.000 +0.000
6.950 -0.474 -0.472 -0.472 -0.471 -0.469 -0.464 -0.453 -0.425 -0.362 -0.256 -0.117 +0.036 +0.214 +0.443 +0.751 +0.000 +0.000 +0.000 +0.000 +0.000 +0.000 +0.000 +0.000 +0.000
7.000 -0.475 -0.473 -0.473 -0.472 -0.469 -0.465 -0.454 -0.428 -0.375 -0.283 -0.159 -0.013 +0.162 +0.392 +0.701 +0.000 +0.000 +0.000 +0.000 +0.000 +0.000 +0.000 +0.000 +0.000
7.050 -0.476 -0.474 -0.474 -0.473 -0.470 -0.465 -0.454 -0.430 -0.383 -0.302 -0.190 -0.052 +0.119 +0.345 +0.656 +0.000 +0.000 +0.000 +0.000 +0.000 +0.000 +0.000 +0.000 +0.000
7.100 -0.477 -0.475 -0.475 -0.474 -0.472 -0.466 -0.454 -0.431 -0.387 -0.313 -0.211 -0.081 +0.082 +0.303 +0.612 +0.000 +0.000 +0.000 +0.000 +0.000 +0.000 +0.000 +0.000 +0.000
7.150 -0.477 -0.477 -0.476 -0.475 -0.474 -0.469 -0.456 -0.432 -0.389 -0.320 -0.224 -0.103 +0.049 +0.264 +0.566 +0.000 +0.000 +0.000 +0.000 +0.000 +0.000 +0.000 +0.000 +0.000
7.200 -0.479 -0.478 -0.478 -0.477 -0.476 -0.471 -0.459 -0.435 -0.392 -0.324 -0.233 -0.122 +0.021 +0.224 +0.522 +0.000 +0.000 +0.000 +0.000 +0.000 +0.000 +0.000 +0.000 +0.000
7.250 -0.480 -0.479 -0.479 -0.479 -0.477 -0.474 -0.464 -0.440 -0.397 -0.329 -0.241 -0.140 -0.010 +0.184 +0.484 +0.000 +0.000 +0.000 +0.000 +0.000 +0.000 +0.000 +0.000 +0.000
7.300 -0.482 -0.481 -0.481 -0.480 -0.479 -0.477 -0.468 -0.447 -0.405 -0.338 -0.254 -0.161 -0.042 +0.146 +0.445 +0.000 +0.000 +0.000 +0.000 +0.000 +0.000 +0.000 +0.000 +0.000
7.350 -0.483 -0.483 -0.483 -0.482 -0.481 -0.479 -0.472 -0.454 -0.415 -0.350 -0.270 -0.185 -0.074 +0.110 +0.407 +0.000 +0.000 +0.000 +0.000 +0.000 +0.000 +0.000 +0.000 +0.000
7.400 -0.486 -0.485 -0.485 -0.484 -0.484 -0.482 -0.476 -0.461 -0.426 -0.366 -0.291 -0.212 -0.105 +0.073 +0.371 +0.000 +0.000 +0.000 +0.000 +0.000 +0.000 +0.000 +0.000 +0.000
7.450 -0.488 -0.487 -0.487 -0.487 -0.486 -0.485 -0.480 -0.467 -0.436 -0.383 -0.314 -0.240 -0.137 +0.039 +0.339 +0.000 +0.000 +0.000 +0.000 +0.000 +0.000 +0.000 +0.000 +0.000
7.500 -0.490 -0.490 -0.490 -0.489 -0.489 -0.487 -0.484 -0.473 -0.446 -0.399 -0.338 -0.267 -0.168 +0.006 +0.313 +0.000 +0.000 +0.000 +0.000 +0.000 +0.000 +0.000 +0.000 +0.000
7.550 -0.493 -0.493 -0.492 -0.492 -0.491 -0.490 -0.487 -0.478 -0.456 -0.415 -0.360 -0.294 -0.199 -0.027 +0.287 +0.000 +0.000 +0.000 +0.000 +0.000 +0.000 +0.000 +0.000 +0.000
7.600 -0.496 -0.495 -0.495 -0.495 -0.494 -0.493 -0.491 -0.483 -0.464 -0.429 -0.380 -0.319 -0.228 -0.059 +0.247 +0.000 +0.000 +0.000 +0.000 +0.000 +0.000 +0.000 +0.000 +0.000
7.650 -0.499 -0.499 -0.498 -0.498 -0.498 -0.497 -0.495 -0.488 -0.472 -0.442 -0.399 -0.343 -0.256 -0.098 +0.211 +0.000 +0.000 +0.000 +0.000 +0.000 +0.000 +0.000 +0.000 +0.000
7.700 -0.502 -0.502 -0.502 -0.502 -0.501 -0.501 -0.499 -0.493 -0.479 -0.453 -0.415 -0.367 -0.284 -0.142 +0.204 +0.000 +0.000 +0.000 +0.000 +0.000 +0.000 +0.000 +0.000 +0.000
7.750 -0.506 -0.506 -0.506 -0.506 -0.505 -0.505 -0.503 -0.498 -0.486 -0.464 -0.431 -0.389 -0.327 -0.169 +0.220 +0.000 +0.000 +0.000 +0.000 +0.000 +0.000 +0.000 +0.000 +0.000
7.800 -0.510 -0.510 -0.510 -0.510 -0.509 -0.509 -0.507 -0.503 -0.493 -0.474 -0.447 -0.414 -0.359 -0.177 +0.203 +0.000 +0.000 +0.000 +0.000 +0.000 +0.000 +0.000 +0.000 +0.000
7.850 -0.515 -0.515 -0.515 -0.514 -0.514 -0.514 -0.512 -0.509 -0.500 -0.485 -0.463 -0.438 -0.383 -0.196 +0.165 +0.000 +0.000 +0.000 +0.000 +0.000 +0.000 +0.000 +0.000 +0.000
7.900 -0.520 -0.520 -0.520 -0.520 -0.519 -0.519 -0.518 -0.515 -0.507 -0.495 -0.479 -0.461 -0.411 -0.249 +0.151 +0.000 +0.000 +0.000 +0.000 +0.000 +0.000 +0.000 +0.000 +0.000
7.950 -0.526 -0.526 -0.526 -0.526 -0.525 -0.525 -0.524 -0.521 -0.515 -0.506 -0.495 -0.484 -0.466 -0.311 +0.197 +0.000 +0.000 +0.000 +0.000 +0.000 +0.000 +0.000 +0.000 +0.000
8.000 -0.533 -0.533 -0.533 -0.532 -0.532 -0.532 -0.531 -0.529 -0.524 -0.518 -0.511 -0.515 -0.536 -0.295 +0.168 +0.000 +0.000 +0.000 +0.000 +0.000 +0.000 +0.000 +0.000 +0.000
