1.584400e+03    1.025649e+00
3.485690e+03    1.025649e+00
5.767230e+03    1.025649e+00
8.505080e+03    1.025649e+00
1.179050e+04    1.025531e+00
1.573300e+04    1.025531e+00
2.046400e+04    1.025531e+00
2.614120e+04    1.025413e+00
3.295390e+04    1.025886e+00
4.112900e+04    1.025767e+00
5.093930e+04    1.025531e+00
6.271150e+04    1.025295e+00
7.683820e+04    1.024941e+00
9.379030e+04    1.024469e+00
1.141330e+05    1.023880e+00
1.385440e+05    1.023055e+00
1.678370e+05    1.021878e+00
2.029890e+05    1.021055e+00
2.441850e+05    1.019293e+00
2.845740e+05    1.018003e+00
3.241130e+05    1.016012e+00
3.627830e+05    1.014610e+00
4.005770e+05    1.012509e+00
4.374970e+05    1.010995e+00
4.735520e+05    1.008902e+00
5.087530e+05    1.007393e+00
5.431160e+05    1.005308e+00
5.766570e+05    1.003688e+00
6.093940e+05    1.001726e+00
6.413460e+05    1.000113e+00
6.725300e+05    9.980423e-01
7.029670e+05    9.964349e-01
7.326750e+05    9.944866e-01
7.616710e+05    9.928850e-01
7.899740e+05    9.909436e-01
8.176010e+05    9.893477e-01
8.445700e+05    9.874132e-01
8.708990e+05    9.858230e-01
8.966040e+05    9.838954e-01
9.217020e+05    9.823108e-01
9.462070e+05    9.803901e-01
9.701360e+05    9.784732e-01
9.935040e+05    9.770098e-01
1.016330e+06    9.750995e-01
1.038620e+06    9.736412e-01
1.060390e+06    9.717374e-01
1.081660e+06    9.702841e-01
1.102430e+06    9.683870e-01
1.122730e+06    9.669387e-01
1.142570e+06    9.650480e-01
1.161950e+06    9.634938e-01
1.180890e+06    9.619421e-01
1.199410e+06    9.599507e-01
1.217500e+06    9.585150e-01
1.235200e+06    9.569713e-01
1.252500e+06    9.555401e-01
1.269410e+06    9.536718e-01
1.285960e+06    9.521359e-01
1.302140e+06    9.507119e-01
1.317960e+06    9.488530e-01
1.333440e+06    9.474339e-01
1.348590e+06    9.461259e-01
1.363410e+06    9.447109e-01
1.377920e+06    9.428637e-01
1.392110e+06    9.415620e-01
1.406000e+06    9.401539e-01
1.419600e+06    9.384236e-01
1.432920e+06    9.371280e-01
1.445960e+06    9.357265e-01
1.458720e+06    9.340044e-01
1.471230e+06    9.327149e-01
1.483470e+06    9.311056e-01
1.495470e+06    9.298201e-01
1.507220e+06    9.285364e-01
1.518740e+06    9.269343e-01
1.530030e+06    9.256545e-01
1.541090e+06    9.244830e-01
1.551930e+06    9.226754e-01
1.562550e+06    9.215076e-01
1.572970e+06    9.202354e-01
1.583190e+06    9.189649e-01
1.593200e+06    9.176962e-01
1.603030e+06    9.161128e-01
1.612660e+06    9.148480e-01
1.622110e+06    9.136901e-01
1.631380e+06    9.124287e-01
1.640470e+06    9.108543e-01
1.649390e+06    9.097015e-01
1.658150e+06    9.085502e-01
1.666740e+06    9.072959e-01
1.675170e+06    9.057304e-01
1.683450e+06    9.046882e-01
1.691580e+06    9.035432e-01
1.699560e+06    9.023997e-01
1.707390e+06    9.008426e-01
1.715090e+06    8.998061e-01
1.722650e+06    8.986673e-01
1.730080e+06    8.976333e-01
1.737380e+06    8.960844e-01
1.744550e+06    8.950534e-01
1.751590e+06    8.940235e-01
1.758520e+06    8.929948e-01
1.765330e+06    8.919673e-01
1.772020e+06    8.905308e-01
1.778600e+06    8.895061e-01
1.785070e+06    8.884826e-01
1.791440e+06    8.874603e-01
1.797700e+06    8.861330e-01
1.803860e+06    8.851134e-01
1.809920e+06    8.841968e-01
1.815890e+06    8.831794e-01
1.821760e+06    8.818586e-01
1.827530e+06    8.809453e-01
1.833220e+06    8.799316e-01
1.838820e+06    8.790204e-01
1.844330e+06    8.781100e-01
1.849760e+06    8.767968e-01
1.855110e+06    8.759896e-01
1.860380e+06    8.750824e-01
1.865560e+06    8.741761e-01
1.870680e+06    8.729692e-01
1.875710e+06    8.720652e-01
1.880680e+06    8.711620e-01
1.885570e+06    8.703600e-01
1.890400e+06    8.695588e-01
1.895150e+06    8.683582e-01
1.899840e+06    8.674590e-01
1.904460e+06    8.666604e-01
1.909020e+06    8.658625e-01
1.913520e+06    8.646671e-01
1.917960e+06    8.638711e-01
1.922330e+06    8.631752e-01
1.926650e+06    8.623805e-01
1.930910e+06    8.615866e-01
1.935120e+06    8.603971e-01
1.939270e+06    8.597040e-01
1.943360e+06    8.589125e-01
1.947410e+06    8.582206e-01
1.951400e+06    8.575292e-01
1.955350e+06    8.563453e-01
1.959240e+06    8.556555e-01
1.963090e+06    8.549662e-01
1.966890e+06    8.542774e-01
1.970640e+06    8.535892e-01
1.974350e+06    8.525089e-01
1.978010e+06    8.518222e-01
1.981630e+06    8.511359e-01
1.985210e+06    8.504503e-01
1.988740e+06    8.498630e-01
1.992240e+06    8.487874e-01
1.995690e+06    8.481037e-01
1.999110e+06    8.475180e-01
2.002490e+06    8.468353e-01
2.005830e+06    8.462505e-01
2.009130e+06    8.452768e-01
2.012400e+06    8.445958e-01
2.015630e+06    8.440126e-01
2.018820e+06    8.434298e-01
2.021990e+06    8.428474e-01
2.025120e+06    8.421684e-01
2.028210e+06    8.411994e-01
2.031280e+06    8.406185e-01
2.034310e+06    8.400380e-01
2.037310e+06    8.395546e-01
2.040280e+06    8.388782e-01
2.043220e+06    8.382990e-01
2.046130e+06    8.377201e-01
2.049010e+06    8.367562e-01
2.051860e+06    8.361784e-01
2.054690e+06    8.356010e-01
2.057490e+06    8.351201e-01
2.060260e+06    8.345434e-01
2.063010e+06    8.339671e-01
2.065730e+06    8.333912e-01
2.068420e+06    8.329116e-01
2.071090e+06    8.323365e-01
2.073730e+06    8.317617e-01
2.076350e+06    8.312831e-01
2.078950e+06    8.303266e-01
2.081520e+06    8.298487e-01
2.084070e+06    8.293712e-01
2.086600e+06    8.287985e-01
2.089110e+06    8.283215e-01
2.091590e+06    8.278448e-01
2.094050e+06    8.272732e-01
2.096500e+06    8.267971e-01
2.098920e+06    8.263213e-01
2.101320e+06    8.258457e-01
2.103700e+06    8.253705e-01
2.106060e+06    8.245157e-01
2.108400e+06    8.240412e-01
2.110720e+06    8.235670e-01
2.113020e+06    8.230930e-01
2.115310e+06    8.226194e-01
2.117580e+06    8.221460e-01
2.119820e+06    8.217674e-01
2.122050e+06    8.212945e-01
2.124270e+06    8.208219e-01
2.126460e+06    8.203495e-01
2.128640e+06    8.199718e-01
2.130810e+06    8.195000e-01
2.132950e+06    8.191226e-01
2.135080e+06    8.182743e-01
2.137200e+06    8.178976e-01
2.139300e+06    8.174269e-01
2.141380e+06    8.170506e-01
2.143450e+06    8.165804e-01
2.145500e+06    8.162044e-01
2.147540e+06    8.158286e-01
2.149570e+06    8.153591e-01
2.151580e+06    8.149837e-01
2.153570e+06    8.146085e-01
2.155560e+06    8.142334e-01
2.157520e+06    8.137649e-01
2.159480e+06    8.133902e-01
2.161420e+06    8.126414e-01
2.163350e+06    8.122672e-01
2.165270e+06    8.118933e-01
2.167170e+06    8.115194e-01
2.169060e+06    8.111458e-01
2.170940e+06    8.107724e-01
2.172800e+06    8.103991e-01
2.174650e+06    8.100260e-01
2.176500e+06    8.096530e-01
2.178330e+06    8.092802e-01
2.180140e+06    8.089076e-01
2.181950e+06    8.086283e-01
2.183750e+06    8.082560e-01
2.185530e+06    8.078839e-01
2.187300e+06    8.075119e-01
2.189060e+06    8.068614e-01
2.190820e+06    8.064899e-01
2.192560e+06    8.061186e-01
2.194290e+06    8.058402e-01
2.196010e+06    8.054692e-01
2.198070e+06    8.050983e-01
2.200550e+06    8.045424e-01
2.203520e+06    8.039868e-01
2.207090e+06    8.033392e-01
2.211360e+06    8.025072e-01
2.216500e+06    8.011225e-01
2.222660e+06    7.999244e-01
2.230060e+06    7.985442e-01
2.238930e+06    7.968910e-01
2.249580e+06    7.945092e-01
2.262360e+06    7.921345e-01
2.277700e+06    7.889490e-01
2.296100e+06    7.856859e-01
2.318180e+06    7.814459e-01
2.341040e+06    7.771394e-01
2.364210e+06    7.728566e-01
2.387710e+06    7.685974e-01
2.411530e+06    7.643617e-01
2.435680e+06    7.604995e-01
2.460160e+06    7.563084e-01
2.484990e+06    7.522270e-01
2.510170e+06    7.480815e-01
2.535710e+06    7.439589e-01
2.561610e+06    7.399441e-01
2.587880e+06    7.358663e-01
2.614520e+06    7.322324e-01
2.641550e+06    7.281971e-01
2.668970e+06    7.242674e-01
2.696780e+06    7.202760e-01
2.725000e+06    7.163890e-01
2.753630e+06    7.125231e-01
2.782670e+06    7.085964e-01
2.812130e+06    7.047725e-01
2.842030e+06    7.009692e-01
2.872360e+06    6.971864e-01
2.903140e+06    6.934241e-01
2.934360e+06    6.896821e-01
2.966040e+06    6.859602e-01
2.998190e+06    6.822585e-01
3.030820e+06    6.785767e-01
3.063920e+06    6.749148e-01
3.097520e+06    6.712726e-01
3.131620e+06    6.677270e-01
3.166220e+06    6.641236e-01
3.201340e+06    6.605397e-01
3.236990e+06    6.570508e-01
3.273170e+06    6.535050e-01
3.309890e+06    6.500532e-01
3.347160e+06    6.466197e-01
3.384980e+06    6.431302e-01
3.423370e+06    6.397333e-01
3.462330e+06    6.363542e-01
3.501870e+06    6.327016e-01
3.542010e+06    6.293597e-01
3.582730e+06    6.260355e-01
3.624060e+06    6.227288e-01
3.666000e+06    6.192256e-01
3.708550e+06    6.159549e-01
3.751720e+06    6.127720e-01
3.795530e+06    6.095354e-01
3.839950e+06    6.061065e-01
3.885020e+06    6.029745e-01
3.930740e+06    5.995825e-01
3.977120e+06    5.964842e-01
4.024140e+06    5.934019e-01
4.071820e+06    5.900637e-01
4.120170e+06    5.870822e-01
4.169200e+06    5.837796e-01
4.218920e+06    5.805624e-01
4.269300e+06    5.776289e-01
4.320380e+06    5.744456e-01
4.372150e+06    5.715430e-01
4.424630e+06    5.683933e-01
4.477820e+06    5.653260e-01
4.531720e+06    5.622752e-01
4.586340e+06    5.594985e-01
4.641690e+06    5.564792e-01
4.697780e+06    5.534762e-01
4.754610e+06    5.505527e-01
4.812190e+06    5.475817e-01
4.870530e+06    5.446894e-01
4.929640e+06    5.416253e-01
4.989540e+06    5.387645e-01
5.050230e+06    5.359804e-01
5.111710e+06    5.332108e-01
5.174000e+06    5.302112e-01
5.237110e+06    5.275322e-01
5.301080e+06    5.246249e-01
5.365870e+06    5.219741e-01
5.431520e+06    5.192768e-01
5.498060e+06    5.163556e-01
5.565620e+06    5.136283e-01
5.634250e+06    5.109742e-01
5.703950e+06    5.083337e-01
5.774770e+06    5.057070e-01
5.846700e+06    5.028042e-01
5.919800e+06    5.002060e-01
5.994060e+06    4.976213e-01
6.069500e+06    4.950498e-01
6.146160e+06    4.922650e-01
6.224070e+06    4.897212e-01
6.303250e+06    4.871906e-01
6.383700e+06    4.846731e-01
6.465450e+06    4.820021e-01
6.548500e+06    4.795114e-01
6.632930e+06    4.770336e-01
6.718750e+06    4.743500e-01
6.805970e+06    4.719532e-01
6.894580e+06    4.692982e-01
6.984630e+06    4.668732e-01
7.076150e+06    4.645141e-01
7.169170e+06    4.619010e-01
7.263700e+06    4.595142e-01
7.359760e+06    4.569818e-01
7.457390e+06    4.546204e-01
7.556580e+06    4.522712e-01
7.657350e+06    4.497787e-01
7.759740e+06    4.474546e-01
7.863790e+06    4.449374e-01
7.969510e+06    4.426892e-01
8.076910e+06    4.401989e-01
8.186000e+06    4.379242e-01
8.296790e+06    4.356612e-01
8.409330e+06    4.332603e-01
8.523600e+06    4.310215e-01
8.639640e+06    4.285968e-01
8.757450e+06    4.263821e-01
8.877080e+06    4.241788e-01
8.998540e+06    4.217926e-01
9.121850e+06    4.196130e-01
9.247020e+06    4.174447e-01
9.374110e+06    4.150964e-01
9.503140e+06    4.129514e-01
9.634140e+06    4.108175e-01
9.767120e+06    4.085065e-01
9.902100e+06    4.063488e-01
1.003910e+07    4.042490e-01
1.017830e+07    4.021601e-01
1.031950e+07    3.998517e-01
1.046290e+07    3.977855e-01
1.060830e+07    3.957300e-01
1.075600e+07    3.936397e-01
1.090580e+07    3.916056e-01
1.105790e+07    3.893578e-01
1.121240e+07    3.873459e-01
1.136910e+07    3.852999e-01
1.152820e+07    3.833089e-01
1.168960e+07    3.812843e-01
1.185360e+07    3.793141e-01
1.202000e+07    3.773105e-01
1.218900e+07    3.753176e-01
1.236050e+07    3.733782e-01
1.253460e+07    3.712350e-01
1.271140e+07    3.692742e-01
1.289100e+07    3.673660e-01
1.307330e+07    3.654256e-01
1.325850e+07    3.634954e-01
1.344650e+07    3.615754e-01
1.363730e+07    3.597070e-01
1.383120e+07    3.578071e-01
1.402800e+07    3.559172e-01
1.422780e+07    3.540372e-01
1.443070e+07    3.522078e-01
1.463680e+07    3.503474e-01
1.484610e+07    3.484969e-01
1.505880e+07    3.466562e-01
1.527480e+07    3.448649e-01
1.549420e+07    3.430433e-01
1.571720e+07    3.412314e-01
1.594380e+07    3.394290e-01
1.617400e+07    3.376750e-01
1.640800e+07    3.358914e-01
1.664570e+07    3.341173e-01
1.688730e+07    3.323908e-01
1.713260e+07    3.306351e-01
1.738180e+07    3.288887e-01
1.763500e+07    3.271515e-01
1.789230e+07    3.254610e-01
1.815360e+07    3.237419e-01
1.841900e+07    3.220319e-01
1.868870e+07    3.203679e-01
1.896280e+07    3.186757e-01
1.924130e+07    3.169925e-01
1.952420e+07    3.152092e-01
1.981160e+07    3.135443e-01
2.010360e+07    3.119241e-01
2.040040e+07    3.102765e-01
2.070190e+07    3.086377e-01
2.100820e+07    3.070428e-01
2.131940e+07    3.054210e-01
2.163560e+07    3.038078e-01
2.195680e+07    3.022379e-01
2.228310e+07    3.006415e-01
2.261450e+07    2.990880e-01
2.295110e+07    2.975082e-01
2.329290e+07    2.959368e-01
2.364020e+07    2.942720e-01
2.399290e+07    2.927177e-01
2.435120e+07    2.912721e-01
2.471530e+07    2.897670e-01
2.508540e+07    2.882697e-01
2.546150e+07    2.866150e-01
2.584380e+07    2.851340e-01
2.623260e+07    2.836605e-01
2.662780e+07    2.821948e-01
2.702950e+07    2.807365e-01
2.743790e+07    2.792859e-01
2.785300e+07    2.777147e-01
2.827490e+07    2.762479e-01
2.870400e+07    2.748204e-01
2.914020e+07    2.734003e-01
2.958360e+07    2.719875e-01
3.003440e+07    2.705509e-01
3.049280e+07    2.691528e-01
3.095870e+07    2.677312e-01
3.143230e+07    2.663477e-01
3.191390e+07    2.649409e-01
3.240370e+07    2.635718e-01
3.290170e+07    2.621796e-01
3.340790e+07    2.608248e-01
3.392270e+07    2.594472e-01
3.444610e+07    2.580768e-01
3.497820e+07    2.567432e-01
3.551930e+07    2.553871e-01
3.606940e+07    2.540381e-01
3.662870e+07    2.526963e-01
3.719740e+07    2.513616e-01
3.777550e+07    2.500339e-01
3.836320e+07    2.487419e-01
3.896080e+07    2.475420e-01
3.956840e+07    2.462345e-01
4.018620e+07    2.449339e-01
4.081410e+07    2.436402e-01
4.145250e+07    2.423533e-01
4.210150e+07    2.410732e-01
4.276140e+07    2.399103e-01
4.343230e+07    2.386431e-01
4.411440e+07    2.373553e-01
4.480800e+07    2.361016e-01
4.551320e+07    2.348545e-01
4.623030e+07    2.337216e-01
4.695990e+07    2.324871e-01
4.770180e+07    2.312592e-01
4.845640e+07    2.301171e-01
4.922400e+07    2.289017e-01
5.000480e+07    2.276664e-01
5.079920e+07    2.264639e-01
5.160720e+07    2.253455e-01
5.242900e+07    2.241553e-01
5.326520e+07    2.230483e-01
5.411590e+07    2.218702e-01
5.498140e+07    2.206729e-01
5.586180e+07    2.195831e-01
5.675740e+07    2.183981e-01
5.766850e+07    2.173196e-01
5.859540e+07    2.161469e-01
5.953830e+07    2.150795e-01
6.049750e+07    2.139188e-01
6.147300e+07    2.128624e-01
6.246530e+07    2.117137e-01
6.347470e+07    2.106682e-01
6.450140e+07    2.095072e-01
6.554560e+07    2.084726e-01
6.660750e+07    2.073237e-01
6.768750e+07    2.062999e-01
6.878570e+07    2.052575e-01
6.990280e+07    2.041498e-01
7.103900e+07    2.031182e-01
7.219460e+07    2.020919e-01
7.336980e+07    2.009782e-01
7.456510e+07    1.999627e-01
7.578090e+07    1.989523e-01
7.701750e+07    1.979470e-01
7.827530e+07    1.969468e-01
7.955480e+07    1.958614e-01
8.085630e+07    1.948718e-01
8.218050e+07    1.938648e-01
8.352770e+07    1.928852e-01
8.489840e+07    1.918885e-01
8.629310e+07    1.908969e-01
8.771230e+07    1.899323e-01
8.915660e+07    1.889509e-01
9.062670e+07    1.879745e-01
9.212330e+07    1.870032e-01
9.364680e+07    1.861225e-01
9.519790e+07    1.851608e-01
9.677710e+07    1.841827e-01
9.838520e+07    1.832310e-01
1.000230e+08    1.822842e-01
1.016910e+08    1.813213e-01
1.033890e+08    1.804675e-01
1.051200e+08    1.795143e-01
1.068830e+08    1.785866e-01
1.086800e+08    1.777047e-01
1.105110e+08    1.767457e-01
1.123780e+08    1.758729e-01
1.142810e+08    1.750044e-01
1.162220e+08    1.740600e-01
1.182010e+08    1.732004e-01
1.202190e+08    1.722657e-01
1.222780e+08    1.714150e-01
1.243770e+08    1.705685e-01
1.265190e+08    1.696481e-01
1.287040e+08    1.687909e-01
1.309330e+08    1.679573e-01
1.332070e+08    1.670509e-01
1.355270e+08    1.662260e-01
1.378950e+08    1.654051e-01
1.403110e+08    1.644936e-01
1.427780e+08    1.636812e-01
1.452950e+08    1.628729e-01
1.478650e+08    1.619754e-01
1.504890e+08    1.611755e-01
1.531680e+08    1.603611e-01
1.559030e+08    1.595508e-01
1.586960e+08    1.587446e-01
1.615480e+08    1.579425e-01
1.644630e+08    1.571444e-01
1.674410e+08    1.563324e-01
1.704850e+08    1.555424e-01
1.735980e+08    1.547387e-01
1.767810e+08    1.539568e-01
1.800390e+08    1.532318e-01
1.833730e+08    1.524400e-01
1.867860e+08    1.516523e-01
1.902820e+08    1.509381e-01
1.938640e+08    1.501582e-01
1.975370e+08    1.493822e-01
2.013050e+08    1.486616e-01
2.051720e+08    1.478934e-01
2.091430e+08    1.471800e-01
2.132230e+08    1.464701e-01
2.174190e+08    1.457132e-01
2.217370e+08    1.450103e-01
2.261840e+08    1.443108e-01
2.307670e+08    1.435486e-01
2.354940e+08    1.428561e-01
2.403730e+08    1.421670e-01
2.454150e+08    1.414650e-01
2.506310e+08    1.407826e-01
2.560290e+08    1.400874e-01
2.616250e+08    1.393956e-01
2.674340e+08    1.386912e-01
2.734730e+08    1.380540e-01
2.797590e+08    1.373722e-01
2.863140e+08    1.366781e-01
2.931590e+08    1.360501e-01
3.003190e+08    1.353627e-01
3.078160e+08    1.347407e-01
3.156870e+08    1.340599e-01
3.239740e+08    1.334440e-01
3.327170e+08    1.328461e-01
3.419650e+08    1.321749e-01
3.517870e+08    1.315676e-01
3.622620e+08    1.309782e-01
3.734750e+08    1.303914e-01
3.849010e+08    1.297774e-01
3.965260e+08    1.292852e-01
4.083420e+08    1.287802e-01
4.203420e+08    1.283214e-01
4.325160e+08    1.279084e-01
4.448560e+08    1.274820e-01
4.573530e+08    1.270864e-01
4.699980e+08    1.267357e-01
4.827820e+08    1.264296e-01
4.956970e+08    1.261534e-01
5.087350e+08    1.259212e-01
5.218860e+08    1.256461e-01
5.351440e+08    1.254148e-01
5.485010e+08    1.251984e-01
5.619490e+08    1.250256e-01
5.754820e+08    1.248099e-01
5.890930e+08    1.246806e-01
6.027760e+08    1.245085e-01
6.191960e+08    1.243795e-01
6.389000e+08    1.242364e-01
6.625450e+08    1.240221e-01
6.909180e+08    1.238794e-01
7.226060e+08    1.236941e-01
7.542940e+08    1.236229e-01
7.859820e+08    1.235233e-01
8.176700e+08    1.233954e-01
8.493590e+08    1.233528e-01
8.810470e+08    1.233244e-01
9.127350e+08    1.232534e-01
9.444230e+08    1.231967e-01
9.761110e+08    1.232108e-01
1.007800e+09    1.231683e-01
1.039490e+09    1.231399e-01
1.071180e+09    1.231258e-01
1.102860e+09    1.231116e-01
1.134550e+09    1.230832e-01
1.166240e+09    1.230832e-01
1.197930e+09    1.230691e-01
1.229620e+09    1.230549e-01
1.261300e+09    1.230549e-01
1.292990e+09    1.231116e-01
1.324680e+09    1.231116e-01
1.356370e+09    1.230974e-01
1.388060e+09    1.230974e-01
1.419740e+09    1.230974e-01
1.451430e+09    1.230974e-01
1.483120e+09    1.230974e-01
1.514810e+09    1.230974e-01
1.546500e+09    1.230974e-01
1.578180e+09    1.230974e-01
1.609870e+09    1.230407e-01
1.641560e+09    1.230407e-01
1.673250e+09    1.230407e-01
1.704940e+09    1.230407e-01
1.736630e+09    1.230407e-01
1.768310e+09    1.230407e-01
1.800000e+09    1.230549e-01
1.831690e+09    1.230549e-01
1.863380e+09    1.230549e-01
1.895070e+09    1.230549e-01
1.926750e+09    1.230549e-01
1.958440e+09    1.230549e-01
1.990130e+09    1.230549e-01
2.021820e+09    1.230549e-01
2.053510e+09    1.230549e-01
2.085190e+09    1.230549e-01
2.116880e+09    1.230549e-01
2.148570e+09    1.230549e-01
2.180260e+09    1.230691e-01
2.211950e+09    1.230691e-01
2.243630e+09    1.230691e-01
2.275320e+09    1.230691e-01
2.307010e+09    1.230691e-01
2.338700e+09    1.230691e-01
2.370390e+09    1.230691e-01
2.402070e+09    1.230691e-01
2.433760e+09    1.230691e-01
2.465450e+09    1.230691e-01
2.497140e+09    1.230691e-01
2.528830e+09    1.230691e-01
2.560520e+09    1.230832e-01
2.592200e+09    1.230832e-01
2.623890e+09    1.230832e-01
2.655580e+09    1.230832e-01
2.687270e+09    1.230832e-01
2.718960e+09    1.230832e-01
2.750640e+09    1.230832e-01
2.782330e+09    1.230832e-01
2.814020e+09    1.230832e-01
2.845710e+09    1.230832e-01
2.877400e+09    1.230832e-01
2.909080e+09    1.230974e-01
2.940770e+09    1.230974e-01
2.972460e+09    1.230974e-01
3.004150e+09    1.230974e-01
3.035840e+09    1.230974e-01
3.067520e+09    1.230974e-01
3.099210e+09    1.230974e-01
3.130900e+09    1.230974e-01
3.162590e+09    1.230974e-01
3.194280e+09    1.230974e-01
3.225970e+09    1.230974e-01
3.257650e+09    1.231116e-01
3.289340e+09    1.231116e-01
3.321030e+09    1.231116e-01
3.352720e+09    1.231116e-01
3.384410e+09    1.231116e-01
3.416090e+09    1.231116e-01
3.447780e+09    1.231116e-01
3.479470e+09    1.231116e-01
3.511160e+09    1.231116e-01
3.542850e+09    1.231116e-01
3.574530e+09    1.231116e-01
3.606220e+09    1.231258e-01
3.637910e+09    1.231258e-01
3.669600e+09    1.230691e-01
3.701290e+09    1.230691e-01
3.732970e+09    1.230691e-01
3.764660e+09    1.230691e-01
3.796350e+09    1.230691e-01
3.828040e+09    1.230691e-01
3.859730e+09    1.230691e-01
3.891410e+09    1.230691e-01
3.923100e+09    1.230691e-01
3.954790e+09    1.230691e-01
3.986480e+09    1.230832e-01
4.018170e+09    1.230832e-01
4.049860e+09    1.230832e-01
4.081540e+09    1.230832e-01
4.113230e+09    1.230832e-01
4.144920e+09    1.230832e-01
4.176610e+09    1.230832e-01
4.208300e+09    1.230832e-01
4.239980e+09    1.230832e-01
4.271670e+09    1.230832e-01
4.303360e+09    1.230832e-01
4.335050e+09    1.230974e-01
4.366740e+09    1.230974e-01
4.398420e+09    1.230974e-01
4.430110e+09    1.230974e-01
4.461800e+09    1.230974e-01
4.493490e+09    1.230974e-01
4.525180e+09    1.230974e-01
4.556860e+09    1.230974e-01
4.588550e+09    1.230974e-01
4.620240e+09    1.230974e-01
4.651930e+09    1.230974e-01
4.683620e+09    1.231116e-01
4.715310e+09    1.231116e-01
4.746990e+09    1.231116e-01
4.778680e+09    1.231116e-01
4.810370e+09    1.231116e-01
4.842060e+09    1.231116e-01
4.873750e+09    1.231116e-01
4.905430e+09    1.231116e-01
4.937120e+09    1.231116e-01
4.968810e+09    1.231116e-01
5.000500e+09    1.231116e-01
5.032190e+09    1.231116e-01
5.063870e+09    1.231258e-01
5.095560e+09    1.231258e-01
5.127250e+09    1.231258e-01
5.158940e+09    1.231258e-01
5.190630e+09    1.231258e-01
5.222310e+09    1.231258e-01
5.254000e+09    1.231258e-01
5.285690e+09    1.231258e-01
5.317380e+09    1.231258e-01
5.349070e+09    1.231258e-01
5.380760e+09    1.231258e-01
5.412440e+09    1.231399e-01
5.444130e+09    1.231399e-01
5.475820e+09    1.231399e-01
5.507510e+09    1.231399e-01
5.539200e+09    1.231399e-01
5.570880e+09    1.231399e-01
5.602570e+09    1.231399e-01
5.634260e+09    1.231399e-01
5.665950e+09    1.231399e-01
5.697640e+09    1.230832e-01
5.729320e+09    1.230832e-01
5.761010e+09    1.230974e-01
5.792700e+09    1.230974e-01
5.824390e+09    1.230974e-01
5.856080e+09    1.230974e-01
5.887760e+09    1.230974e-01
5.919450e+09    1.230974e-01
5.951140e+09    1.230974e-01
5.982830e+09    1.230974e-01
6.014520e+09    1.230974e-01
6.046200e+09    1.230974e-01
6.077890e+09    1.230974e-01
6.109580e+09    1.230974e-01
6.141270e+09    1.231116e-01
6.172960e+09    1.231116e-01
6.204650e+09    1.231116e-01
6.236330e+09    1.231116e-01
6.268020e+09    1.231116e-01
6.299710e+09    1.231116e-01
6.331400e+09    1.231116e-01
6.363090e+09    1.231116e-01
6.394770e+09    1.231116e-01
6.426460e+09    1.231116e-01
6.458150e+09    1.231116e-01
6.489840e+09    1.231258e-01
6.521530e+09    1.231258e-01
6.553210e+09    1.231258e-01
6.584900e+09    1.231258e-01
6.616590e+09    1.231258e-01
6.648280e+09    1.231258e-01
6.679970e+09    1.231258e-01
6.711650e+09    1.231258e-01
6.743340e+09    1.231258e-01
6.775030e+09    1.231258e-01
6.806720e+09    1.231258e-01
6.838410e+09    1.231399e-01
6.870100e+09    1.231399e-01
6.901780e+09    1.231399e-01
6.933470e+09    1.231399e-01
6.965160e+09    1.231399e-01
6.996850e+09    1.231399e-01
7.028540e+09    1.231399e-01
7.060220e+09    1.231399e-01
7.091910e+09    1.231399e-01
7.123600e+09    1.231399e-01
7.155290e+09    1.231399e-01
7.186980e+09    1.231399e-01
7.218660e+09    1.231541e-01
7.250350e+09    1.231541e-01
7.282040e+09    1.231541e-01
7.313730e+09    1.231541e-01
7.345420e+09    1.231541e-01
7.377100e+09    1.231541e-01
7.408790e+09    1.231541e-01
7.440480e+09    1.231541e-01
7.472170e+09    1.231541e-01
7.503860e+09    1.231541e-01
7.535550e+09    1.231541e-01
7.567230e+09    1.231683e-01
7.598920e+09    1.231683e-01
7.630610e+09    1.231683e-01
7.662300e+09    1.231683e-01
7.693990e+09    1.231683e-01
7.725670e+09    1.231683e-01
7.757360e+09    1.231116e-01
7.789050e+09    1.231116e-01
7.820740e+09    1.231116e-01
7.852430e+09    1.231116e-01
7.884110e+09    1.231116e-01
7.915800e+09    1.231258e-01
7.947490e+09    1.231258e-01
7.979180e+09    1.231258e-01
8.010870e+09    1.231258e-01
8.042550e+09    1.231258e-01
8.074240e+09    1.231258e-01
8.105930e+09    1.231258e-01
8.137620e+09    1.231258e-01
8.169310e+09    1.231258e-01
8.200990e+09    1.231258e-01
8.232680e+09    1.231258e-01
8.264370e+09    1.231399e-01
8.296060e+09    1.231399e-01
8.327750e+09    1.231399e-01
8.359440e+09    1.231399e-01
8.391120e+09    1.231399e-01
8.422810e+09    1.231399e-01
8.454500e+09    1.231399e-01
8.486190e+09    1.231399e-01
8.517880e+09    1.231399e-01
8.549560e+09    1.231399e-01
8.581250e+09    1.231399e-01
8.612940e+09    1.231399e-01
8.644630e+09    1.231541e-01
8.676320e+09    1.231541e-01
8.708000e+09    1.231541e-01
8.739690e+09    1.231541e-01
8.771380e+09    1.231541e-01
8.803070e+09    1.231541e-01
8.834760e+09    1.231541e-01
8.866440e+09    1.231541e-01
8.898130e+09    1.231541e-01
8.929820e+09    1.231541e-01
8.961510e+09    1.231541e-01
8.993200e+09    1.231683e-01
9.024890e+09    1.231683e-01
9.056570e+09    1.231683e-01
9.088260e+09    1.231683e-01
9.119950e+09    1.231683e-01
9.151640e+09    1.231683e-01
9.183330e+09    1.231683e-01
9.215010e+09    1.231683e-01
9.246700e+09    1.231683e-01
9.278390e+09    1.231683e-01
9.310080e+09    1.231683e-01
9.341770e+09    1.231825e-01
9.373450e+09    1.231825e-01
9.405140e+09    1.231825e-01
9.436830e+09    1.231825e-01
9.468520e+09    1.231825e-01
9.500210e+09    1.231825e-01
9.531890e+09    1.231825e-01
9.563580e+09    1.231825e-01
9.595270e+09    1.231825e-01
9.626960e+09    1.231825e-01
9.658650e+09    1.231825e-01
9.690340e+09    1.231967e-01
9.722020e+09    1.231967e-01
9.753710e+09    1.231967e-01
9.785400e+09    1.231967e-01
9.817090e+09    1.231399e-01
9.848780e+09    1.231399e-01
9.880460e+09    1.231399e-01
9.912150e+09    1.231399e-01
9.943840e+09    1.231399e-01
9.975530e+09    1.231399e-01
1.000720e+10    1.231399e-01
1.003890e+10    1.231399e-01
1.007060e+10    1.231541e-01
1.010230e+10    1.231541e-01
1.013400e+10    1.231541e-01
1.016570e+10    1.231541e-01
1.019730e+10    1.231541e-01
1.022900e+10    1.231541e-01
1.026070e+10    1.231541e-01
1.029240e+10    1.231541e-01
1.032410e+10    1.231541e-01
1.035580e+10    1.231541e-01
1.038750e+10    1.231541e-01
1.041920e+10    1.231683e-01
1.045080e+10    1.231683e-01
1.048250e+10    1.231683e-01
1.051420e+10    1.231683e-01
1.054590e+10    1.231683e-01
1.057760e+10    1.231683e-01
1.060930e+10    1.231683e-01
1.064100e+10    1.231683e-01
1.067270e+10    1.231683e-01
1.070440e+10    1.231683e-01
1.073600e+10    1.231683e-01
1.076770e+10    1.231825e-01
1.079940e+10    1.231825e-01
1.083110e+10    1.231825e-01
1.086280e+10    1.231825e-01
1.089450e+10    1.231825e-01
1.092620e+10    1.231825e-01
1.095790e+10    1.231825e-01
1.098950e+10    1.231825e-01
1.102120e+10    1.231825e-01
1.105290e+10    1.231825e-01
1.108460e+10    1.231825e-01
1.111630e+10    1.231967e-01
1.114800e+10    1.231967e-01
1.117970e+10    1.231967e-01
1.121140e+10    1.231967e-01
1.124310e+10    1.231967e-01
1.127470e+10    1.231967e-01
1.130640e+10    1.231967e-01
1.133810e+10    1.231967e-01
1.136980e+10    1.231967e-01
1.140150e+10    1.231967e-01
1.143320e+10    1.231967e-01
1.146490e+10    1.231967e-01
1.149660e+10    1.232108e-01
1.152820e+10    1.232108e-01
1.155990e+10    1.232108e-01
1.159160e+10    1.232108e-01
1.162330e+10    1.232108e-01
1.165500e+10    1.232108e-01
1.168670e+10    1.232108e-01
1.171840e+10    1.232108e-01
1.175010e+10    1.232108e-01
1.178170e+10    1.232108e-01
1.181340e+10    1.232108e-01
1.184510e+10    1.231683e-01
1.187680e+10    1.231683e-01
1.190850e+10    1.231683e-01
1.194020e+10    1.231683e-01
1.197190e+10    1.231683e-01
1.200360e+10    1.231683e-01
1.203530e+10    1.231683e-01
1.206690e+10    1.231683e-01
1.209860e+10    1.231683e-01
1.213030e+10    1.231683e-01
1.216200e+10    1.231683e-01
1.219370e+10    1.231825e-01
1.222540e+10    1.231825e-01
1.225710e+10    1.231825e-01
1.228880e+10    1.231825e-01
1.232040e+10    1.231825e-01
1.235210e+10    1.231825e-01
1.238380e+10    1.231825e-01
1.241550e+10    1.231825e-01
1.244720e+10    1.231825e-01
1.247890e+10    1.231825e-01
1.251060e+10    1.231825e-01
1.254230e+10    1.231967e-01
1.257400e+10    1.231967e-01
1.260560e+10    1.231967e-01
1.263730e+10    1.231967e-01
1.266900e+10    1.231967e-01
1.270070e+10    1.231967e-01
1.273240e+10    1.231967e-01
1.276410e+10    1.231967e-01
1.279580e+10    1.231967e-01
1.282750e+10    1.231967e-01
1.285910e+10    1.231967e-01
1.289080e+10    1.231967e-01
1.292250e+10    1.232108e-01
1.295420e+10    1.232108e-01
1.298590e+10    1.232108e-01
1.301760e+10    1.232108e-01
1.304930e+10    1.232108e-01
1.308100e+10    1.232108e-01
1.311260e+10    1.232108e-01
1.314430e+10    1.232108e-01
1.317600e+10    1.232108e-01
1.320770e+10    1.232108e-01
1.323940e+10    1.232108e-01
1.327110e+10    1.232250e-01
1.330280e+10    1.232250e-01
1.333450e+10    1.232250e-01
1.336620e+10    1.232250e-01
1.339780e+10    1.232250e-01
1.342950e+10    1.232250e-01
1.346120e+10    1.232250e-01
1.349290e+10    1.232250e-01
1.352460e+10    1.232250e-01
1.355630e+10    1.232250e-01
1.358800e+10    1.232250e-01
1.361970e+10    1.232392e-01
1.365130e+10    1.232392e-01
1.368300e+10    1.232392e-01
1.371470e+10    1.232392e-01
1.374640e+10    1.232392e-01
1.377810e+10    1.232392e-01
1.380980e+10    1.232392e-01
1.384150e+10    1.232392e-01
1.387320e+10    1.231825e-01
1.390490e+10    1.231825e-01
1.393650e+10    1.231825e-01
1.396820e+10    1.231967e-01
1.399990e+10    1.231967e-01
1.403160e+10    1.231967e-01
1.406330e+10    1.231967e-01
1.409500e+10    1.231967e-01
1.412670e+10    1.231967e-01
1.415840e+10    1.231967e-01
1.419000e+10    1.231967e-01
1.422170e+10    1.231967e-01
1.425340e+10    1.231967e-01
1.428510e+10    1.231967e-01
1.431680e+10    1.231967e-01
1.434850e+10    1.232108e-01
1.438020e+10    1.232108e-01
1.441190e+10    1.232108e-01
1.444350e+10    1.232108e-01
1.447520e+10    1.232108e-01
1.450690e+10    1.232108e-01
1.453860e+10    1.232108e-01
1.457030e+10    1.232108e-01
1.460200e+10    1.232108e-01
1.463370e+10    1.232108e-01
1.466540e+10    1.232108e-01
1.469710e+10    1.232250e-01
1.472870e+10    1.232250e-01
1.476040e+10    1.232250e-01
1.479210e+10    1.232250e-01
1.482380e+10    1.232250e-01
1.485550e+10    1.232250e-01
1.488720e+10    1.232250e-01
1.491890e+10    1.232250e-01
1.495060e+10    1.232250e-01
1.498220e+10    1.232250e-01
1.501390e+10    1.232250e-01
