1.584400e+03    1.326800e+00    1.567470e+25    7.466172e-02    3.733086e-01    9.638786e-02    4.819393e-01
3.168810e+03    1.308191e+00    1.525033e+25    7.364410e-02    3.682205e-01    9.507413e-02    4.753706e-01
4.753210e+03    1.290378e+00    1.493995e+25    7.289084e-02    3.644542e-01    9.410167e-02    4.705083e-01
6.337620e+03    1.273389e+00    1.464702e+25    7.217270e-02    3.608635e-01    9.317455e-02    4.658728e-01
7.922020e+03    1.257164e+00    1.437008e+25    7.148715e-02    3.574357e-01    9.228951e-02    4.614476e-01
9.506430e+03    1.241647e+00    1.410780e+25    7.083175e-02    3.541587e-01    9.144340e-02    4.572170e-01
1.109080e+04    1.226786e+00    1.385860e+25    7.020337e-02    3.510168e-01    9.063216e-02    4.531608e-01
1.267520e+04    1.212537e+00    1.362226e+25    6.960220e-02    3.480110e-01    8.985605e-02    4.492802e-01
1.425960e+04    1.198859e+00    1.339706e+25    6.902445e-02    3.451223e-01    8.911019e-02    4.455509e-01
1.584400e+04    1.185711e+00    1.318254e+25    6.846962e-02    3.423481e-01    8.839390e-02    4.419695e-01
1.742840e+04    1.173063e+00    1.297805e+25    6.793647e-02    3.396823e-01    8.770560e-02    4.385280e-01
1.901290e+04    1.160881e+00    1.278231e+25    6.742220e-02    3.371110e-01    8.704169e-02    4.352085e-01
2.059730e+04    1.149142e+00    1.258633e+25    6.690336e-02    3.345168e-01    8.637187e-02    4.318593e-01
2.221150e+04    1.137632e+00    1.236970e+25    6.632510e-02    3.316255e-01    8.562534e-02    4.281267e-01
2.387060e+04    1.126254e+00    1.215736e+25    6.575336e-02    3.287668e-01    8.488722e-02    4.244361e-01
2.557570e+04    1.115004e+00    1.194921e+25    6.518804e-02    3.259402e-01    8.415740e-02    4.207870e-01
2.732810e+04    1.103882e+00    1.174544e+25    6.462982e-02    3.231491e-01    8.343674e-02    4.171837e-01
2.912880e+04    1.092888e+00    1.154594e+25    6.407859e-02    3.203929e-01    8.272510e-02    4.136255e-01
3.097900e+04    1.082020e+00    1.135009e+25    6.353280e-02    3.176640e-01    8.202049e-02    4.101024e-01
3.288010e+04    1.071276e+00    1.115859e+25    6.299455e-02    3.149727e-01    8.132561e-02    4.066281e-01
3.483320e+04    1.060655e+00    1.097057e+25    6.246158e-02    3.123079e-01    8.063755e-02    4.031878e-01
3.683960e+04    1.050158e+00    1.078672e+25    6.193597e-02    3.096799e-01    7.995900e-02    3.997950e-01
3.890070e+04    1.039782e+00    1.060667e+25    6.141691e-02    3.070845e-01    7.928889e-02    3.964444e-01
4.101770e+04    1.029523e+00    1.043012e+25    6.090360e-02    3.045180e-01    7.862621e-02    3.931310e-01
4.319200e+04    1.019382e+00    1.025721e+25    6.039667e-02    3.019833e-01    7.797176e-02    3.898588e-01
4.542490e+04    1.009358e+00    1.008786e+25    5.989602e-02    2.994801e-01    7.732543e-02    3.866271e-01
4.771780e+04    9.994468e-01    9.921772e+24    5.940089e-02    2.970044e-01    7.668622e-02    3.834311e-01
5.007220e+04    9.896480e-01    9.759313e+24    5.891257e-02    2.945628e-01    7.605580e-02    3.802790e-01
5.248950e+04    9.799598e-01    9.600177e+24    5.843027e-02    2.921514e-01    7.543316e-02    3.771658e-01
5.497120e+04    9.703808e-01    9.444288e+24    5.795394e-02    2.897697e-01    7.481821e-02    3.740910e-01
5.751870e+04    9.609081e-01    9.291574e+24    5.748347e-02    2.874173e-01    7.421084e-02    3.710542e-01
6.013370e+04    9.515402e-01    9.142169e+24    5.701944e-02    2.850972e-01    7.361178e-02    3.680589e-01
6.281750e+04    9.422759e-01    8.995582e+24    5.656046e-02    2.828023e-01    7.301924e-02    3.650962e-01
6.557190e+04    9.331121e-01    8.852161e+24    5.610777e-02    2.805388e-01    7.243481e-02    3.621741e-01
6.839840e+04    9.240503e-01    8.711628e+24    5.566061e-02    2.783030e-01    7.185754e-02    3.592877e-01
7.129870e+04    9.150877e-01    8.573918e+24    5.521893e-02    2.760946e-01    7.128733e-02    3.564366e-01
7.427440e+04    9.062241e-01    8.439161e+24    5.478327e-02    2.739163e-01    7.072490e-02    3.536245e-01
7.732720e+04    8.974569e-01    8.307289e+24    5.435356e-02    2.717678e-01    7.017014e-02    3.508507e-01
8.045880e+04    8.887845e-01    8.178042e+24    5.392908e-02    2.696454e-01    6.962214e-02    3.481107e-01
8.367090e+04    8.802083e-01    8.051547e+24    5.351037e-02    2.675519e-01    6.908159e-02    3.454080e-01
8.696520e+04    8.717255e-01    7.927920e+24    5.309797e-02    2.654899e-01    6.854919e-02    3.427460e-01
9.034350e+04    8.633362e-01    7.806731e+24    5.269057e-02    2.634529e-01    6.802324e-02    3.401162e-01
9.380760e+04    8.550388e-01    7.688281e+24    5.228931e-02    2.614466e-01    6.750521e-02    3.375261e-01
9.735920e+04    8.468319e-01    7.572325e+24    5.189350e-02    2.594675e-01    6.699422e-02    3.349711e-01
1.010000e+05    8.387155e-01    7.458805e+24    5.150305e-02    2.575152e-01    6.649015e-02    3.324508e-01
1.047320e+05    8.306882e-01    7.347833e+24    5.111848e-02    2.555924e-01    6.599368e-02    3.299684e-01
1.085570e+05    8.227500e-01    7.239346e+24    5.073971e-02    2.536985e-01    6.550468e-02    3.275234e-01
1.124770e+05    8.149009e-01    7.133281e+24    5.036664e-02    2.518332e-01    6.502305e-02    3.251153e-01
1.164930e+05    8.071393e-01    7.029578e+24    4.999919e-02    2.499959e-01    6.454867e-02    3.227434e-01
1.206080e+05    7.994626e-01    6.928182e+24    4.963728e-02    2.481864e-01    6.408145e-02    3.204072e-01
1.248230e+05    7.918721e-01    6.829190e+24    4.928139e-02    2.464069e-01    6.362200e-02    3.181100e-01
1.291410e+05    7.843649e-01    6.732391e+24    4.893087e-02    2.446544e-01    6.316949e-02    3.158474e-01
1.335620e+05    7.769396e-01    6.637879e+24    4.858620e-02    2.429310e-01    6.272452e-02    3.136226e-01
1.380890e+05    7.695963e-01    6.545295e+24    4.824618e-02    2.412309e-01    6.228555e-02    3.114278e-01
1.427240e+05    7.623319e-01    6.455045e+24    4.791240e-02    2.395620e-01    6.185465e-02    3.092732e-01
1.474690e+05    7.551466e-01    6.366771e+24    4.758367e-02    2.379184e-01    6.143026e-02    3.071513e-01
1.523250e+05    7.480374e-01    6.280574e+24    4.726046e-02    2.363023e-01    6.101300e-02    3.050650e-01
1.572940e+05    7.410029e-01    6.196397e+24    4.694269e-02    2.347134e-01    6.060275e-02    3.030137e-01
1.623790e+05    7.340503e-01    6.096482e+24    4.656268e-02    2.328134e-01    6.011216e-02    3.005608e-01
1.675960e+05    7.271724e-01    5.995829e+24    4.617671e-02    2.308835e-01    5.961387e-02    2.980694e-01
1.729510e+05    7.203664e-01    5.897110e+24    4.579499e-02    2.289749e-01    5.912108e-02    2.956054e-01
1.784470e+05    7.136293e-01    5.800016e+24    4.541642e-02    2.270821e-01    5.863235e-02    2.931617e-01
1.840880e+05    7.069627e-01    5.704653e+24    4.504151e-02    2.252075e-01    5.814834e-02    2.907417e-01
1.898770e+05    7.003621e-01    5.610857e+24    4.466969e-02    2.233484e-01    5.766832e-02    2.883416e-01
1.958180e+05    6.938262e-01    5.518731e+24    4.430145e-02    2.215072e-01    5.719293e-02    2.859646e-01
2.019150e+05    6.873563e-01    5.428243e+24    4.393675e-02    2.196838e-01    5.672210e-02    2.836105e-01
2.081730e+05    6.809497e-01    5.339115e+24    4.357455e-02    2.178728e-01    5.625451e-02    2.812725e-01
2.145940e+05    6.746063e-01    5.251693e+24    4.321634e-02    2.160817e-01    5.579205e-02    2.789603e-01
2.211840e+05    6.683261e-01    5.165464e+24    4.286008e-02    2.143004e-01    5.533212e-02    2.766606e-01
2.279470e+05    6.621049e-01    5.080766e+24    4.250724e-02    2.125362e-01    5.487661e-02    2.743831e-01
2.348880e+05    6.559454e-01    4.997344e+24    4.215683e-02    2.107841e-01    5.442423e-02    2.721212e-01
2.420100e+05    6.498448e-01    4.915291e+24    4.180930e-02    2.090465e-01    5.397558e-02    2.698779e-01
2.493190e+05    6.438032e-01    4.834697e+24    4.146512e-02    2.073256e-01    5.353124e-02    2.676562e-01
2.568200e+05    6.378204e-01    4.755315e+24    4.112330e-02    2.056165e-01    5.308995e-02    2.654497e-01
2.645180e+05    6.318951e-01    4.677021e+24    4.078336e-02    2.039168e-01    5.265109e-02    2.632554e-01
2.724180e+05    6.260259e-01    4.600121e+24    4.044669e-02    2.022334e-01    5.221645e-02    2.610822e-01
2.805250e+05    6.202127e-01    4.524382e+24    4.011233e-02    2.005617e-01    5.178480e-02    2.589240e-01
2.888450e+05    6.144569e-01    4.449889e+24    3.978075e-02    1.989037e-01    5.135672e-02    2.567836e-01
2.973840e+05    6.087543e-01    4.376524e+24    3.945145e-02    1.972572e-01    5.093160e-02    2.546580e-01
3.061470e+05    6.031063e-01    4.304367e+24    3.912488e-02    1.956244e-01    5.051000e-02    2.525500e-01
3.151410e+05    5.975130e-01    4.233400e+24    3.880100e-02    1.940050e-01    5.009188e-02    2.504594e-01
3.243710e+05    5.919713e-01    4.163411e+24    3.847893e-02    1.923946e-01    4.967608e-02    2.483804e-01
3.338440e+05    5.864828e-01    4.094673e+24    3.815996e-02    1.907998e-01    4.926430e-02    2.463215e-01
3.435660e+05    5.810474e-01    4.026979e+24    3.784321e-02    1.892160e-01    4.885538e-02    2.442769e-01
3.535440e+05    5.756624e-01    3.960494e+24    3.752952e-02    1.876476e-01    4.845040e-02    2.422520e-01
3.637840e+05    5.703276e-01    3.895016e+24    3.721799e-02    1.860900e-01    4.804822e-02    2.402411e-01
3.742940e+05    5.650445e-01    3.830534e+24    3.690863e-02    1.845432e-01    4.764884e-02    2.382442e-01
3.850810e+05    5.598103e-01    3.767118e+24    3.660184e-02    1.830092e-01    4.725277e-02    2.362639e-01
3.961520e+05    5.546250e-01    3.704840e+24    3.629803e-02    1.814901e-01    4.686055e-02    2.343028e-01
4.075140e+05    5.494870e-01    3.643505e+24    3.599631e-02    1.799815e-01    4.647104e-02    2.323552e-01
4.191760e+05    5.443994e-01    3.583185e+24    3.569710e-02    1.784855e-01    4.608476e-02    2.304238e-01
4.311440e+05    5.393592e-01    3.523946e+24    3.540079e-02    1.770039e-01    4.570222e-02    2.285111e-01
4.434280e+05    5.343649e-01    3.465608e+24    3.510654e-02    1.755327e-01    4.532235e-02    2.266117e-01
4.560350e+05    5.294181e-01    3.408390e+24    3.481553e-02    1.740776e-01    4.494665e-02    2.247333e-01
4.689740e+05    5.245172e-01    3.352118e+24    3.452693e-02    1.726346e-01    4.457407e-02    2.228704e-01
4.822530e+05    5.196623e-01    3.296774e+24    3.424072e-02    1.712036e-01    4.420458e-02    2.210229e-01
4.958800e+05    5.148534e-01    3.242494e+24    3.395767e-02    1.697884e-01    4.383917e-02    2.191958e-01
5.098660e+05    5.100891e-01    3.189108e+24    3.367696e-02    1.683848e-01    4.347677e-02    2.173839e-01
5.242180e+05    5.053692e-01    3.136673e+24    3.339896e-02    1.669948e-01    4.311787e-02    2.155894e-01
5.389460e+05    5.006940e-01    3.085100e+24    3.312325e-02    1.656162e-01    4.276193e-02    2.138096e-01
5.540610e+05    4.960618e-01    3.034514e+24    3.285057e-02    1.642529e-01    4.240990e-02    2.120495e-01
5.695710e+05    4.914741e-01    2.984690e+24    3.257976e-02    1.628988e-01    4.206029e-02    2.103015e-01
5.854870e+05    4.869282e-01    2.935819e+24    3.231193e-02    1.615597e-01    4.171453e-02    2.085726e-01
6.018190e+05    4.824267e-01    2.887748e+24    3.204631e-02    1.602315e-01    4.137160e-02    2.068580e-01
6.185780e+05    4.779655e-01    2.840530e+24    3.178323e-02    1.589161e-01    4.103197e-02    2.051599e-01
6.357740e+05    4.735474e-01    2.794082e+24    3.152230e-02    1.576115e-01    4.069511e-02    2.034756e-01
6.534200e+05    4.691710e-01    2.748522e+24    3.126425e-02    1.563212e-01    4.036197e-02    2.018098e-01
6.715250e+05    4.648362e-01    2.703705e+24    3.100830e-02    1.550415e-01    4.003155e-02    2.001577e-01
6.901020e+05    4.605431e-01    2.659679e+24    3.075480e-02    1.537740e-01    3.970428e-02    1.985214e-01
7.091620e+05    4.562888e-01    2.616431e+24    3.050373e-02    1.525187e-01    3.938015e-02    1.969007e-01
7.287190e+05    4.520747e-01    2.573944e+24    3.025505e-02    1.512752e-01    3.905910e-02    1.952955e-01
7.487830e+05    4.479009e-01    2.532149e+24    3.000841e-02    1.500420e-01    3.874069e-02    1.937034e-01
7.693690e+05    4.437658e-01    2.491146e+24    2.976445e-02    1.488223e-01    3.842574e-02    1.921287e-01
7.904880e+05    4.396696e-01    2.450808e+24    2.952249e-02    1.476125e-01    3.811337e-02    1.905669e-01
8.121550e+05    4.356121e-01    2.411234e+24    2.928316e-02    1.464158e-01    3.780440e-02    1.890220e-01
8.343820e+05    4.315934e-01    2.372298e+24    2.904577e-02    1.452289e-01    3.749793e-02    1.874897e-01
8.571850e+05    4.276106e-01    2.334045e+24    2.881064e-02    1.440532e-01    3.719438e-02    1.859719e-01
8.805780e+05    4.236652e-01    2.296463e+24    2.857775e-02    1.428887e-01    3.689371e-02    1.844686e-01
9.045750e+05    4.197572e-01    2.259484e+24    2.834673e-02    1.417336e-01    3.659547e-02    1.829774e-01
9.291910e+05    4.158836e-01    2.222794e+24    2.811564e-02    1.405782e-01    3.629713e-02    1.814856e-01
9.544470e+05    4.120532e-01    2.182676e+24    2.786076e-02    1.393038e-01    3.596808e-02    1.798404e-01
9.804060e+05    4.082572e-01    2.143134e+24    2.760724e-02    1.380362e-01    3.564080e-02    1.782040e-01
1.007090e+06    4.044957e-01    2.104308e+24    2.735602e-02    1.367801e-01    3.531648e-02    1.765824e-01
1.034520e+06    4.007687e-01    2.066042e+24    2.710616e-02    1.355308e-01    3.499390e-02    1.749695e-01
1.062720e+06    3.970747e-01    2.028380e+24    2.685796e-02    1.342898e-01    3.467347e-02    1.733674e-01
1.091700e+06    3.934138e-01    1.991312e+24    2.661141e-02    1.330571e-01    3.435519e-02    1.717759e-01
1.121510e+06    3.897874e-01    1.954831e+24    2.636653e-02    1.318326e-01    3.403904e-02    1.701952e-01
1.152150e+06    3.861940e-01    1.918931e+24    2.612330e-02    1.306165e-01    3.372503e-02    1.686252e-01
1.183650e+06    3.826322e-01    1.883603e+24    2.588171e-02    1.294086e-01    3.341314e-02    1.670657e-01
1.216040e+06    3.791035e-01    1.848840e+24    2.564177e-02    1.282088e-01    3.310338e-02    1.655169e-01
1.249350e+06    3.756063e-01    1.814635e+24    2.540346e-02    1.270173e-01    3.279573e-02    1.639787e-01
1.283610e+06    3.721408e-01    1.780940e+24    2.516651e-02    1.258325e-01    3.248983e-02    1.624491e-01
1.318840e+06    3.687069e-01    1.747830e+24    2.493147e-02    1.246574e-01    3.218639e-02    1.609320e-01
1.355060e+06    3.653060e-01    1.715218e+24    2.469778e-02    1.234889e-01    3.188470e-02    1.594235e-01
1.392330e+06    3.619353e-01    1.683136e+24    2.446572e-02    1.223286e-01    3.158510e-02    1.579255e-01
1.430650e+06    3.585963e-01    1.651617e+24    2.423555e-02    1.211778e-01    3.128797e-02    1.564398e-01
1.470070e+06    3.552888e-01    1.620613e+24    2.400701e-02    1.200350e-01    3.099291e-02    1.549646e-01
1.510620e+06    3.520129e-01    1.590118e+24    2.378006e-02    1.189003e-01    3.069993e-02    1.534996e-01
1.552330e+06    3.487658e-01    1.560089e+24    2.355445e-02    1.177722e-01    3.040866e-02    1.520433e-01
1.595240e+06    3.455517e-01    1.530591e+24    2.333071e-02    1.166535e-01    3.011982e-02    1.505991e-01
1.639380e+06    3.423664e-01    1.501548e+24    2.310830e-02    1.155415e-01    2.983269e-02    1.491634e-01
1.684800e+06    3.392112e-01    1.473022e+24    2.288774e-02    1.144387e-01    2.954795e-02    1.477397e-01
1.731520e+06    3.360877e-01    1.444938e+24    2.266851e-02    1.133426e-01    2.926492e-02    1.463246e-01
1.779600e+06    3.329914e-01    1.417324e+24    2.245086e-02    1.122543e-01    2.898393e-02    1.449197e-01
1.829070e+06    3.299253e-01    1.390174e+24    2.223478e-02    1.111739e-01    2.870498e-02    1.435249e-01
1.879970e+06    3.268879e-01    1.363481e+24    2.202028e-02    1.101014e-01    2.842806e-02    1.421403e-01
1.932360e+06    3.238793e-01    1.337209e+24    2.180710e-02    1.090355e-01    2.815284e-02    1.407642e-01
1.986270e+06    3.208980e-01    1.311322e+24    2.159499e-02    1.079749e-01    2.787901e-02    1.393950e-01
2.041750e+06    3.179454e-01    1.285876e+24    2.138444e-02    1.069222e-01    2.760720e-02    1.380360e-01
2.098850e+06    3.150187e-01    1.260867e+24    2.117547e-02    1.058773e-01    2.733741e-02    1.366870e-01
2.157630e+06    3.121193e-01    1.236230e+24    2.096757e-02    1.048378e-01    2.706901e-02    1.353450e-01
2.218140e+06    3.092457e-01    1.211963e+24    2.076075e-02    1.038037e-01    2.680201e-02    1.340100e-01
2.280440e+06    3.063965e-01    1.188090e+24    2.055526e-02    1.027763e-01    2.653673e-02    1.326836e-01
2.344570e+06    3.035733e-01    1.164553e+24    2.035063e-02    1.017532e-01    2.627255e-02    1.313628e-01
2.410610e+06    3.007773e-01    1.141404e+24    2.014735e-02    1.007367e-01    2.601012e-02    1.300506e-01
2.478620e+06    2.980129e-01    1.118689e+24    1.994587e-02    9.972935e-02    2.575001e-02    1.287500e-01
2.548650e+06    2.952902e-01    1.096426e+24    1.974640e-02    9.873199e-02    2.549249e-02    1.274625e-01
2.620760e+06    2.926178e-01    1.074680e+24    1.954960e-02    9.774801e-02    2.523843e-02    1.261922e-01
2.695000e+06    2.899928e-01    1.053487e+24    1.935588e-02    9.677940e-02    2.498833e-02    1.249417e-01
2.771430e+06    2.874281e-01    1.032878e+24    1.916562e-02    9.582811e-02    2.474271e-02    1.237136e-01
2.850070e+06    2.849281e-01    1.012906e+24    1.897942e-02    9.489709e-02    2.450232e-02    1.225116e-01
2.930960e+06    2.824971e-01    9.935947e+23    1.879762e-02    9.398811e-02    2.426763e-02    1.213381e-01
3.014140e+06    2.801408e-01    9.749656e+23    1.862057e-02    9.310285e-02    2.403905e-02    1.201953e-01
3.099620e+06    2.778664e-01    9.571266e+23    1.844943e-02    9.224716e-02    2.381812e-02    1.190906e-01
3.187410e+06    2.756810e-01    9.400680e+23    1.828428e-02    9.142142e-02    2.360491e-02    1.180245e-01
3.277500e+06    2.735920e-01    9.238452e+23    1.812583e-02    9.062915e-02    2.340035e-02    1.170017e-01
3.354480e+06    2.718922e-01    9.107294e+23    1.799671e-02    8.998352e-02    2.323365e-02    1.161682e-01
3.446850e+06    2.700374e-01    8.964775e+23    1.785533e-02    8.927667e-02    2.305114e-02    1.152557e-01
3.543290e+06    2.682213e-01    8.826108e+23    1.771670e-02    8.858352e-02    2.287217e-02    1.143608e-01
3.641910e+06    2.665560e-01    8.699601e+23    1.758928e-02    8.794638e-02    2.270766e-02    1.135383e-01
3.742590e+06    2.649713e-01    8.580039e+23    1.746799e-02    8.733995e-02    2.255108e-02    1.127554e-01
3.845290e+06    2.635503e-01    8.473040e+23    1.735873e-02    8.679365e-02    2.241002e-02    1.120501e-01
3.949840e+06    2.622112e-01    8.372963e+23    1.725591e-02    8.627955e-02    2.227729e-02    1.113864e-01
4.056180e+06    2.609540e-01    8.279216e+23    1.715904e-02    8.579519e-02    2.215222e-02    1.107611e-01
4.164250e+06    2.597758e-01    8.191801e+23    1.706821e-02    8.534105e-02    2.203497e-02    1.101748e-01
4.273960e+06    2.587601e-01    8.116694e+23    1.698979e-02    8.494893e-02    2.193372e-02    1.096686e-01
4.385120e+06    2.578147e-01    8.047100e+23    1.691679e-02    8.458396e-02    2.183948e-02    1.091974e-01
4.497660e+06    2.569368e-01    7.982509e+23    1.684876e-02    8.424381e-02    2.175166e-02    1.087583e-01
4.611490e+06    2.561221e-01    7.922810e+23    1.678564e-02    8.392820e-02    2.167017e-02    1.083508e-01
4.726540e+06    2.554512e-01    7.873891e+23    1.673374e-02    8.366870e-02    2.160317e-02    1.080158e-01
4.864610e+06    2.547227e-01    7.820945e+23    1.667738e-02    8.338692e-02    2.153041e-02    1.076520e-01
5.030290e+06    2.539483e-01    7.764424e+23    1.661701e-02    8.308506e-02    2.145247e-02    1.072624e-01
5.229110e+06    2.531351e-01    7.705473e+23    1.655381e-02    8.276905e-02    2.137088e-02    1.068544e-01
5.427920e+06    2.524138e-01    7.653310e+23    1.649768e-02    8.248842e-02    2.129842e-02    1.064921e-01
5.666500e+06    2.518118e-01    7.609907e+23    1.645084e-02    8.225418e-02    2.123794e-02    1.061897e-01
5.952800e+06    2.511767e-01    7.563961e+23    1.640110e-02    8.200550e-02    2.117373e-02    1.058686e-01
6.296350e+06    2.505057e-01    7.515872e+23    1.634888e-02    8.174440e-02    2.110631e-02    1.055316e-01
6.708620e+06    2.497974e-01    7.464989e+23    1.629345e-02    8.146722e-02    2.103475e-02    1.051737e-01
7.176030e+06    2.490733e-01    7.413091e+23    1.623671e-02    8.118354e-02    2.096150e-02    1.048075e-01
7.627790e+06    2.486020e-01    7.379540e+23    1.619992e-02    8.099962e-02    2.091401e-02    1.045701e-01
8.069660e+06    2.480891e-01    7.342758e+23    1.615950e-02    8.079750e-02    2.086183e-02    1.043091e-01
8.500970e+06    2.475388e-01    7.303637e+23    1.611639e-02    8.058197e-02    2.080618e-02    1.040309e-01
8.921260e+06    2.469670e-01    7.262886e+23    1.607137e-02    8.035685e-02    2.074805e-02    1.037403e-01
9.330350e+06    2.463807e-01    7.221200e+23    1.602518e-02    8.012592e-02    2.068842e-02    1.034421e-01
9.728270e+06    2.457873e-01    7.179088e+23    1.597839e-02    7.989194e-02    2.062801e-02    1.031400e-01
9.996950e+06    2.453348e-01    7.147090e+23    1.594274e-02    7.971370e-02    2.058199e-02    1.029099e-01
1.031940e+07    2.449282e-01    7.118349e+23    1.591065e-02    7.955325e-02    2.054056e-02    1.027028e-01
1.069080e+07    2.444224e-01    7.082705e+23    1.587077e-02    7.935383e-02    2.048907e-02    1.024454e-01
1.105350e+07    2.438808e-01    7.044324e+23    1.582771e-02    7.913853e-02    2.043348e-02    1.021674e-01
1.140700e+07    2.433147e-01    7.004535e+23    1.578294e-02    7.891471e-02    2.037569e-02    1.018784e-01
1.175110e+07    2.427328e-01    6.963686e+23    1.573685e-02    7.868427e-02    2.031619e-02    1.015810e-01
1.208570e+07    2.421422e-01    6.922122e+23    1.568982e-02    7.844909e-02    2.025547e-02    1.012773e-01
1.241110e+07    2.416494e-01    6.887623e+23    1.565067e-02    7.825336e-02    2.020493e-02    1.010247e-01
1.272900e+07    2.411178e-01    6.850453e+23    1.560839e-02    7.804192e-02    2.015034e-02    1.007517e-01
1.303890e+07    2.405618e-01    6.811602e+23    1.556406e-02    7.782031e-02    2.009312e-02    1.004656e-01
1.334060e+07    2.399871e-01    6.771414e+23    1.551808e-02    7.759040e-02    2.003376e-02    1.001688e-01
1.363420e+07    2.394023e-01    6.730687e+23    1.547134e-02    7.735671e-02    1.997342e-02    9.986709e-02
1.391960e+07    2.388089e-01    6.689433e+23    1.542386e-02    7.711928e-02    1.991211e-02    9.956057e-02
1.419710e+07    2.382845e-01    6.652873e+23    1.538165e-02    7.690825e-02    1.985763e-02    9.928812e-02
1.446770e+07    2.377356e-01    6.614841e+23    1.533762e-02    7.668811e-02    1.980078e-02    9.900392e-02
1.473120e+07    2.371695e-01    6.575658e+23    1.529213e-02    7.646064e-02    1.974205e-02    9.871026e-02
1.498760e+07    2.365919e-01    6.535656e+23    1.524554e-02    7.622772e-02    1.968191e-02    9.840956e-02
1.523700e+07    2.360072e-01    6.495302e+23    1.519840e-02    7.599202e-02    1.962106e-02    9.810528e-02
1.547950e+07    2.354181e-01    6.454598e+23    1.515071e-02    7.575354e-02    1.955948e-02    9.779740e-02
1.571520e+07    2.348750e-01    6.417401e+23    1.510699e-02    7.553494e-02    1.950304e-02    9.751519e-02
1.594480e+07    2.343190e-01    6.379097e+23    1.506184e-02    7.530918e-02    1.944475e-02    9.722374e-02
1.616820e+07    2.337529e-01    6.338832e+23    1.501423e-02    7.507113e-02    1.938328e-02    9.691641e-02
1.638570e+07    2.331796e-01    6.296935e+23    1.496452e-02    7.482262e-02    1.931912e-02    9.659558e-02
1.659720e+07    2.326034e-01    6.254884e+23    1.491447e-02    7.457237e-02    1.925450e-02    9.627252e-02
1.680280e+07    2.320618e-01    6.215261e+23    1.486716e-02    7.433579e-02    1.919342e-02    9.596710e-02
1.700310e+07    2.315115e-01    6.175319e+23    1.481931e-02    7.409655e-02    1.913165e-02    9.565824e-02
1.719820e+07    2.309555e-01    6.134926e+23    1.477076e-02    7.385382e-02    1.906897e-02    9.534487e-02
1.738800e+07    2.303951e-01    6.094235e+23    1.472170e-02    7.360849e-02    1.900563e-02    9.502816e-02
1.757270e+07    2.298319e-01    6.053539e+23    1.467246e-02    7.336231e-02    1.894207e-02    9.471033e-02
1.775240e+07    2.292687e-01    6.012836e+23    1.462305e-02    7.311526e-02    1.887828e-02    9.439139e-02
1.792730e+07    2.287284e-01    5.973919e+23    1.457565e-02    7.287826e-02    1.881709e-02    9.408543e-02
1.809760e+07    2.281839e-01    5.934707e+23    1.452774e-02    7.263868e-02    1.875523e-02    9.377614e-02
1.826340e+07    2.276379e-01    5.895616e+23    1.447981e-02    7.239906e-02    1.869336e-02    9.346678e-02
1.842490e+07    2.270905e-01    5.856381e+23    1.443155e-02    7.215775e-02    1.863105e-02    9.315525e-02
1.858200e+07    2.265417e-01    5.817270e+23    1.438328e-02    7.191640e-02    1.856873e-02    9.284367e-02
1.873510e+07    2.259957e-01    5.778289e+23    1.433501e-02    7.167504e-02    1.850642e-02    9.253208e-02
1.888400e+07    2.254669e-01    5.740758e+23    1.428838e-02    7.144189e-02    1.844622e-02    9.223108e-02
1.902920e+07    2.249382e-01    5.701633e+23    1.423961e-02    7.119803e-02    1.838325e-02    9.191626e-02
1.917060e+07    2.244095e-01    5.662775e+23    1.419100e-02    7.095499e-02    1.832050e-02    9.160250e-02
1.930840e+07    2.238807e-01    5.624052e+23    1.414240e-02    7.071197e-02    1.825775e-02    9.128877e-02
1.944270e+07    2.233563e-01    5.585593e+23    1.409396e-02    7.046979e-02    1.819522e-02    9.097611e-02
1.957360e+07    2.228448e-01    5.548165e+23    1.404666e-02    7.023329e-02    1.813416e-02    9.067079e-02
1.970120e+07    2.223348e-01    5.510985e+23    1.399951e-02    6.999756e-02    1.807329e-02    9.036647e-02
1.982560e+07    2.218261e-01    5.474057e+23    1.395253e-02    6.976265e-02    1.801264e-02    9.006319e-02
1.994700e+07    2.213204e-01    5.437249e+23    1.390554e-02    6.952771e-02    1.795198e-02    8.975988e-02
2.006540e+07    2.208175e-01    5.400814e+23    1.385887e-02    6.929437e-02    1.789173e-02    8.945864e-02
2.018080e+07    2.203175e-01    5.364748e+23    1.381252e-02    6.906261e-02    1.783189e-02    8.915945e-02
2.029350e+07    2.198218e-01    5.329043e+23    1.376648e-02    6.883240e-02    1.777245e-02    8.886225e-02
2.040340e+07    2.193362e-01    5.294186e+23    1.372138e-02    6.860692e-02    1.771423e-02    8.857115e-02
2.051080e+07    2.188534e-01    5.259559e+23    1.367644e-02    6.838219e-02    1.765621e-02    8.828102e-02
2.061560e+07    2.183736e-01    5.225277e+23    1.363179e-02    6.815896e-02    1.759857e-02    8.799284e-02
2.071790e+07    2.178980e-01    5.191338e+23    1.358745e-02    6.793725e-02    1.754132e-02    8.770661e-02
2.081790e+07    2.174267e-01    5.157857e+23    1.354356e-02    6.771782e-02    1.748467e-02    8.742333e-02
2.091560e+07    2.169598e-01    5.124710e+23    1.349998e-02    6.749987e-02    1.742839e-02    8.714196e-02
2.101100e+07    2.165014e-01    5.092246e+23    1.345715e-02    6.728573e-02    1.737310e-02    8.686551e-02
2.110430e+07    2.160460e-01    5.060101e+23    1.341461e-02    6.707303e-02    1.731818e-02    8.659091e-02
2.119550e+07    2.155963e-01    5.028278e+23    1.337236e-02    6.686178e-02    1.726364e-02    8.631819e-02
2.128470e+07    2.151494e-01    4.996883e+23    1.333054e-02    6.665272e-02    1.720966e-02    8.604830e-02
2.137200e+07    2.147069e-01    4.965916e+23    1.328917e-02    6.644587e-02    1.715625e-02    8.578125e-02
2.145740e+07    2.142701e-01    4.935365e+23    1.324823e-02    6.624116e-02    1.710340e-02    8.551697e-02
2.154090e+07    2.138376e-01    4.905115e+23    1.320757e-02    6.603785e-02    1.705090e-02    8.525450e-02
2.162270e+07    2.134124e-01    4.875501e+23    1.316764e-02    6.583820e-02    1.699935e-02    8.499675e-02
2.170280e+07    2.129914e-01    4.846288e+23    1.312813e-02    6.564066e-02    1.694835e-02    8.474173e-02
2.178120e+07    2.125747e-01    4.817362e+23    1.308889e-02    6.544447e-02    1.689769e-02    8.448845e-02
2.185800e+07    2.121638e-01    4.788940e+23    1.305023e-02    6.525113e-02    1.684777e-02    8.423884e-02
2.193330e+07    2.117557e-01    4.760792e+23    1.301182e-02    6.505908e-02    1.679818e-02    8.399091e-02
2.200710e+07    2.113549e-01    4.733250e+23    1.297412e-02    6.487062e-02    1.674952e-02    8.374761e-02
2.207940e+07    2.109569e-01    4.705863e+23    1.293654e-02    6.468268e-02    1.670099e-02    8.350498e-02
2.215030e+07    2.105661e-01    4.679067e+23    1.289965e-02    6.449825e-02    1.665338e-02    8.326689e-02
2.221980e+07    2.101796e-01    4.652745e+23    1.286332e-02    6.431658e-02    1.660647e-02    8.303235e-02
2.228800e+07    2.097974e-01    4.626678e+23    1.282723e-02    6.413616e-02    1.655989e-02    8.279943e-02
2.235500e+07    2.094210e-01    4.600969e+23    1.279154e-02    6.395772e-02    1.651381e-02    8.256906e-02
2.242070e+07    2.090489e-01    4.575718e+23    1.275639e-02    6.378197e-02    1.646843e-02    8.234217e-02
2.248520e+07    2.086810e-01    4.550817e+23    1.272164e-02    6.360818e-02    1.642356e-02    8.211781e-02
2.254850e+07    2.083190e-01    4.526258e+23    1.268726e-02    6.343631e-02    1.637919e-02    8.189593e-02
2.261070e+07    2.079598e-01    4.502142e+23    1.265342e-02    6.326710e-02    1.633549e-02    8.167747e-02
2.267180e+07    2.076078e-01    4.478362e+23    1.261996e-02    6.309979e-02    1.629229e-02    8.146148e-02
2.273190e+07    2.072601e-01    4.455015e+23    1.258702e-02    6.293510e-02    1.624977e-02    8.124886e-02
2.279090e+07    2.069167e-01    4.431892e+23    1.255431e-02    6.277156e-02    1.620755e-02    8.103773e-02
2.284890e+07    2.065776e-01    4.409297e+23    1.252227e-02    6.261134e-02    1.616618e-02    8.083089e-02
2.290590e+07    2.062428e-01    4.386914e+23    1.249044e-02    6.245222e-02    1.612509e-02    8.062547e-02
2.296210e+07    2.059123e-01    4.364950e+23    1.245914e-02    6.229569e-02    1.608468e-02    8.042339e-02
2.301730e+07    2.055876e-01    4.343194e+23    1.242805e-02    6.214024e-02    1.604454e-02    8.022270e-02
2.307160e+07    2.052658e-01    4.321945e+23    1.239761e-02    6.198804e-02    1.600524e-02    8.002622e-02
2.312500e+07    2.049497e-01    4.300898e+23    1.236738e-02    6.183693e-02    1.596623e-02    7.983113e-02
2.317760e+07    2.046365e-01    4.280251e+23    1.233766e-02    6.168832e-02    1.592786e-02    7.963927e-02
2.322950e+07    2.043290e-01    4.259898e+23    1.230830e-02    6.154148e-02    1.588994e-02    7.944971e-02
2.328050e+07    2.040259e-01    4.239839e+23    1.227928e-02    6.139641e-02    1.585248e-02    7.926242e-02
2.333080e+07    2.037256e-01    4.220163e+23    1.225076e-02    6.125378e-02    1.581566e-02    7.907830e-02
2.338030e+07    2.034296e-01    4.200774e+23    1.222258e-02    6.111291e-02    1.577929e-02    7.889643e-02
2.342910e+07    2.031379e-01    4.181665e+23    1.219475e-02    6.097376e-02    1.574336e-02    7.871678e-02
2.347720e+07    2.028506e-01    4.162836e+23    1.216726e-02    6.083632e-02    1.570787e-02    7.853935e-02
2.352460e+07    2.025675e-01    4.144282e+23    1.214012e-02    6.070059e-02    1.567283e-02    7.836413e-02
2.357140e+07    2.022874e-01    4.126000e+23    1.211331e-02    6.056656e-02    1.563822e-02    7.819110e-02
2.361750e+07    2.020115e-01    4.108084e+23    1.208698e-02    6.043492e-02    1.560423e-02    7.802115e-02
2.366300e+07    2.017385e-01    4.090340e+23    1.206085e-02    6.030426e-02    1.557049e-02    7.785246e-02
2.370790e+07    2.014698e-01    4.072952e+23    1.203519e-02    6.017595e-02    1.553736e-02    7.768682e-02
2.375220e+07    2.012055e-01    4.055733e+23    1.200972e-02    6.004862e-02    1.550449e-02    7.752243e-02
2.379590e+07    2.009440e-01    4.038864e+23    1.198472e-02    5.992361e-02    1.547221e-02    7.736105e-02
2.383900e+07    2.006868e-01    4.022159e+23    1.195991e-02    5.979955e-02    1.544018e-02    7.720089e-02
2.388160e+07    2.004325e-01    4.005799e+23    1.193556e-02    5.967781e-02    1.540875e-02    7.704373e-02
2.392370e+07    2.001810e-01    3.989599e+23    1.191140e-02    5.955701e-02    1.537755e-02    7.688777e-02
2.396530e+07    1.999339e-01    3.973646e+23    1.188756e-02    5.943783e-02    1.534678e-02    7.673390e-02
2.400630e+07    1.996896e-01    3.957941e+23    1.186405e-02    5.932025e-02    1.531642e-02    7.658211e-02
2.404690e+07    1.994483e-01    3.942479e+23    1.184085e-02    5.920426e-02    1.528648e-02    7.643238e-02
2.408690e+07    1.992112e-01    3.927256e+23    1.181797e-02    5.908985e-02    1.525693e-02    7.628468e-02
2.412660e+07    1.989756e-01    3.912185e+23    1.179527e-02    5.897636e-02    1.522763e-02    7.613816e-02
2.416570e+07    1.987443e-01    3.897439e+23    1.177302e-02    5.886511e-02    1.519891e-02    7.599453e-02
2.420440e+07    1.985158e-01    3.882837e+23    1.175095e-02    5.875474e-02    1.517041e-02    7.585204e-02
2.424270e+07    1.982902e-01    3.868471e+23    1.172919e-02    5.864595e-02    1.514232e-02    7.571159e-02
2.428060e+07    1.980675e-01    3.854245e+23    1.170760e-02    5.853801e-02    1.511445e-02    7.557225e-02
2.431800e+07    1.978491e-01    3.840249e+23    1.168633e-02    5.843163e-02    1.508698e-02    7.543491e-02
2.435510e+07    1.976322e-01    3.826479e+23    1.166536e-02    5.832678e-02    1.505991e-02    7.529955e-02
2.439170e+07    1.974181e-01    3.812845e+23    1.164455e-02    5.822277e-02    1.503306e-02    7.516528e-02
2.442800e+07    1.972055e-01    3.799437e+23    1.162406e-02    5.812031e-02    1.500660e-02    7.503300e-02
2.446390e+07    1.969971e-01    3.786251e+23    1.160387e-02    5.801937e-02    1.498054e-02    7.490268e-02
2.449940e+07    1.967917e-01    3.773195e+23    1.158385e-02    5.791925e-02    1.495469e-02    7.477343e-02
2.453460e+07    1.965876e-01    3.760360e+23    1.156413e-02    5.782065e-02    1.492923e-02    7.464614e-02
2.456940e+07    1.963865e-01    3.747652e+23    1.154457e-02    5.772287e-02    1.490398e-02    7.451991e-02
2.460390e+07    1.961882e-01    3.735160e+23    1.152532e-02    5.762659e-02    1.487912e-02    7.439561e-02
2.463800e+07    1.959928e-01    3.722797e+23    1.150623e-02    5.753114e-02    1.485448e-02    7.427239e-02
2.467180e+07    1.957988e-01    3.710645e+23    1.148743e-02    5.743716e-02    1.483021e-02    7.415106e-02
2.470530e+07    1.956078e-01    3.698617e+23    1.146880e-02    5.734400e-02    1.480616e-02    7.403079e-02
2.473850e+07    1.954181e-01    3.686713e+23    1.145033e-02    5.725165e-02    1.478231e-02    7.391156e-02
2.477140e+07    1.952313e-01    3.675015e+23    1.143215e-02    5.716075e-02    1.475884e-02    7.379421e-02
2.480400e+07    1.950474e-01    3.663441e+23    1.141413e-02    5.707066e-02    1.473558e-02    7.367791e-02
2.483630e+07    1.948650e-01    3.651988e+23    1.139628e-02    5.698138e-02    1.471253e-02    7.356264e-02
2.486830e+07    1.946854e-01    3.640737e+23    1.137871e-02    5.689354e-02    1.468985e-02    7.344925e-02
2.490000e+07    1.945072e-01    3.629604e+23    1.136130e-02    5.680648e-02    1.466737e-02    7.333686e-02
2.493150e+07    1.943304e-01    3.618673e+23    1.134418e-02    5.672088e-02    1.464527e-02    7.322634e-02
2.496270e+07    1.941566e-01    3.607773e+23    1.132708e-02    5.663539e-02    1.462320e-02    7.311598e-02
2.499360e+07    1.939856e-01    3.597074e+23    1.131027e-02    5.655135e-02    1.460150e-02    7.300748e-02
2.502430e+07    1.938161e-01    3.586488e+23    1.129361e-02    5.646807e-02    1.457999e-02    7.289997e-02
2.505470e+07    1.936480e-01    3.576015e+23    1.127711e-02    5.638557e-02    1.455869e-02    7.279345e-02
2.509120e+07    1.934468e-01    3.563521e+23    1.125740e-02    5.628698e-02    1.453324e-02    7.266619e-02
2.513500e+07    1.932069e-01    3.548618e+23    1.123383e-02    5.616916e-02    1.450282e-02    7.251408e-02
2.518760e+07    1.929210e-01    3.530849e+23    1.120567e-02    5.602836e-02    1.446646e-02    7.233230e-02
2.525060e+07    1.925805e-01    3.509694e+23    1.117205e-02    5.586025e-02    1.442306e-02    7.211528e-02
2.532630e+07    1.921753e-01    3.484570e+23    1.113199e-02    5.565996e-02    1.437134e-02    7.185671e-02
2.541710e+07    1.916954e-01    3.454850e+23    1.108442e-02    5.542209e-02    1.430992e-02    7.154961e-02
2.552610e+07    1.911279e-01    3.419867e+23    1.102816e-02    5.514078e-02    1.423729e-02    7.118644e-02
2.565690e+07    1.904569e-01    3.378620e+23    1.096145e-02    5.480725e-02    1.415117e-02    7.075586e-02
2.581390e+07    1.896681e-01    3.330345e+23    1.088286e-02    5.441429e-02    1.404971e-02    7.024854e-02
2.600220e+07    1.887457e-01    3.274080e+23    1.079053e-02    5.395267e-02    1.393052e-02    6.965259e-02
2.622820e+07    1.876695e-01    3.208849e+23    1.068250e-02    5.341251e-02    1.379105e-02    6.895525e-02
2.649940e+07    1.864224e-01    3.133714e+23    1.055669e-02    5.278348e-02    1.362864e-02    6.814318e-02
2.682480e+07    1.849871e-01    3.047889e+23    1.041113e-02    5.205565e-02    1.344071e-02    6.720356e-02
2.721530e+07    1.833434e-01    2.950728e+23    1.024384e-02    5.121921e-02    1.322474e-02    6.612372e-02
2.764690e+07    1.816207e-01    2.849963e+23    1.006741e-02    5.033707e-02    1.299697e-02    6.498487e-02
2.809800e+07    1.799124e-01    2.751309e+23    9.891633e-03    4.945816e-02    1.277004e-02    6.385022e-02
2.856960e+07    1.782198e-01    2.654968e+23    9.716905e-03    4.858453e-02    1.254447e-02    6.272235e-02
2.906310e+07    1.765431e-01    2.560821e+23    9.543067e-03    4.771533e-02    1.232005e-02    6.160023e-02
2.957950e+07    1.748808e-01    2.468932e+23    9.370287e-03    4.685144e-02    1.209699e-02    6.048494e-02
3.012020e+07    1.732342e-01    2.379465e+23    9.198944e-03    4.599472e-02    1.187579e-02    5.937893e-02
3.068660e+07    1.716034e-01    2.292658e+23    9.029589e-03    4.514795e-02    1.165715e-02    5.828575e-02
3.128000e+07    1.699885e-01    2.207900e+23    8.861107e-03    4.430553e-02    1.143964e-02    5.719820e-02
3.190210e+07    1.683879e-01    2.125148e+23    8.693465e-03    4.346733e-02    1.122321e-02    5.611608e-02
3.255450e+07    1.668046e-01    2.044369e+23    8.526640e-03    4.263320e-02    1.100785e-02    5.503922e-02
3.323920e+07    1.652356e-01    1.965347e+23    8.360225e-03    4.180113e-02    1.079300e-02    5.396502e-02
3.395810e+07    1.636825e-01    1.888075e+23    8.194226e-03    4.097113e-02    1.057870e-02    5.289350e-02
3.471360e+07    1.621451e-01    1.812422e+23    8.028380e-03    4.014190e-02    1.036459e-02    5.182297e-02
3.550800e+07    1.606221e-01    1.738358e+23    7.862631e-03    3.931316e-02    1.015061e-02    5.075307e-02
3.634420e+07    1.591150e-01    1.666054e+23    7.697379e-03    3.848690e-02    9.937274e-03    4.968637e-02
3.722490e+07    1.576236e-01    1.596097e+23    7.534041e-03    3.767021e-02    9.726406e-03    4.863203e-02
3.815290e+07    1.561465e-01    1.527669e+23    7.370772e-03    3.685386e-02    9.515625e-03    4.757812e-02
3.913170e+07    1.546853e-01    1.460795e+23    7.207638e-03    3.603819e-02    9.305021e-03    4.652510e-02
4.016490e+07    1.532399e-01    1.395498e+23    7.044708e-03    3.522354e-02    9.094679e-03    4.547339e-02
4.125670e+07    1.518103e-01    1.331801e+23    6.882051e-03    3.441026e-02    8.884690e-03    4.442345e-02
4.241150e+07    1.503951e-01    1.269811e+23    6.719979e-03    3.359989e-02    8.675456e-03    4.337728e-02
4.363400e+07    1.489971e-01    1.209454e+23    6.558326e-03    3.279163e-02    8.466762e-03    4.233381e-02
4.492960e+07    1.476135e-01    1.151223e+23    6.398497e-03    3.199249e-02    8.260424e-03    4.130212e-02
4.630350e+07    1.462457e-01    1.094660e+23    6.239329e-03    3.119664e-02    8.054939e-03    4.027469e-02
4.776180e+07    1.448937e-01    1.039751e+23    6.080832e-03    3.040416e-02    7.850320e-03    3.925160e-02
4.931160e+07    1.435579e-01    9.864823e+22    5.923017e-03    2.961508e-02    7.646582e-03    3.823291e-02
5.096020e+07    1.422372e-01    9.348874e+22    5.766044e-03    2.883022e-02    7.443931e-03    3.721966e-02
5.271590e+07    1.409321e-01    8.849105e+22    5.609808e-03    2.804904e-02    7.242231e-03    3.621115e-02
5.458800e+07    1.396455e-01    8.343134e+22    5.447070e-03    2.723535e-02    7.032137e-03    3.516068e-02
5.659190e+07    1.383749e-01    7.852523e+22    5.284488e-03    2.642244e-02    6.822245e-03    3.411122e-02
5.874050e+07    1.371194e-01    7.379710e+22    5.122925e-03    2.561462e-02    6.613667e-03    3.306834e-02
6.104780e+07    1.358792e-01    6.923877e+22    4.962186e-03    2.481093e-02    6.406154e-03    3.203077e-02
6.352940e+07    1.346539e-01    6.483944e+22    4.801954e-03    2.400977e-02    6.199295e-03    3.099648e-02
6.620350e+07    1.334411e-01    6.073224e+22    4.647378e-03    2.323689e-02    5.999739e-03    2.999869e-02
6.908440e+07    1.322431e-01    5.676351e+22    4.492964e-03    2.246482e-02    5.800392e-03    2.900196e-02
7.219460e+07    1.310599e-01    5.292724e+22    4.338483e-03    2.169242e-02    5.600958e-03    2.800479e-02
7.556030e+07    1.298917e-01    4.921861e+22    4.183724e-03    2.091862e-02    5.401164e-03    2.700582e-02
7.921230e+07    1.287374e-01    4.566666e+22    4.029934e-03    2.014967e-02    5.202623e-03    2.601311e-02
8.318360e+07    1.275973e-01    4.225706e+22    3.876573e-03    1.938286e-02    5.004634e-03    2.502317e-02
8.751360e+07    1.264723e-01    3.895913e+22    3.722228e-03    1.861114e-02    4.805375e-03    2.402688e-02
9.225200e+07    1.253624e-01    3.578320e+22    3.567286e-03    1.783643e-02    4.605346e-03    2.302673e-02
9.745660e+07    1.242622e-01    3.289949e+22    3.420526e-03    1.710263e-02    4.415880e-03    2.207940e-02
1.031680e+08    1.231746e-01    3.020225e+22    3.277313e-03    1.638657e-02    4.230993e-03    2.115497e-02
1.094430e+08    1.221010e-01    2.764009e+22    3.135220e-03    1.567610e-02    4.047552e-03    2.023776e-02
1.163610e+08    1.210415e-01    2.521850e+22    2.994732e-03    1.497366e-02    3.866182e-03    1.933091e-02
1.240100e+08    1.199947e-01    2.296410e+22    2.857742e-03    1.428871e-02    3.689329e-03    1.844664e-02
1.324830e+08    1.189611e-01    2.085159e+22    2.723127e-03    1.361563e-02    3.515542e-03    1.757771e-02
1.418950e+08    1.179407e-01    1.887294e+22    2.590706e-03    1.295353e-02    3.344587e-03    1.672293e-02
1.523840e+08    1.169329e-01    1.703488e+22    2.461319e-03    1.230660e-02    3.177549e-03    1.588775e-02
1.641050e+08    1.159384e-01    1.531261e+22    2.333581e-03    1.166791e-02    3.012640e-03    1.506320e-02
1.772560e+08    1.149576e-01    1.368988e+22    2.206470e-03    1.103235e-02    2.848541e-03    1.424270e-02
1.920910e+08    1.139911e-01    1.216268e+22    2.079759e-03    1.039879e-02    2.684957e-03    1.342478e-02
2.089310e+08    1.130388e-01    1.073246e+22    1.953656e-03    9.768278e-03    2.522159e-03    1.261079e-02
2.281750e+08    1.121029e-01    9.378201e+21    1.826241e-03    9.131205e-03    2.357667e-03    1.178833e-02
2.503830e+08    1.111805e-01    8.138969e+21    1.701308e-03    8.506541e-03    2.196380e-03    1.098190e-02
2.761840e+08    1.102717e-01    7.013735e+21    1.579330e-03    7.896652e-03    2.038907e-03    1.019453e-02
3.063710e+08    1.093780e-01    5.990310e+21    1.459563e-03    7.297817e-03    1.884288e-03    9.421441e-03
3.380590e+08    1.085803e-01    5.179279e+21    1.357166e-03    6.785830e-03    1.752094e-03    8.760469e-03
3.697480e+08    1.078912e-01    4.540037e+21    1.270656e-03    6.353280e-03    1.640410e-03    8.202049e-03
4.014360e+08    1.072881e-01    4.025590e+21    1.196501e-03    5.982505e-03    1.544676e-03    7.723381e-03
4.331240e+08    1.067497e-01    3.634623e+21    1.136915e-03    5.684575e-03    1.467751e-03    7.338754e-03
4.648120e+08    1.062637e-01    3.314433e+21    1.085683e-03    5.428414e-03    1.401610e-03    7.008052e-03
4.965000e+08    1.058220e-01    3.038498e+21    1.039508e-03    5.197540e-03    1.341999e-03    6.709995e-03
5.281880e+08    1.054184e-01    2.797947e+21    9.975119e-04    4.987559e-03    1.287782e-03    6.438911e-03
5.598760e+08    1.050480e-01    2.586303e+21    9.590428e-04    4.795214e-03    1.238119e-03    6.190595e-03
5.915640e+08    1.047059e-01    2.406075e+21    9.250238e-04    4.625119e-03    1.194201e-03    5.971003e-03
6.232520e+08    1.043865e-01    2.259745e+21    8.964540e-04    4.482270e-03    1.157317e-03    5.786586e-03
6.549400e+08    1.040878e-01    2.126225e+21    8.695668e-04    4.347834e-03    1.122606e-03    5.613029e-03
6.866280e+08    1.038078e-01    2.003868e+21    8.441757e-04    4.220879e-03    1.089826e-03    5.449131e-03
7.183170e+08    1.035447e-01    1.891252e+21    8.201116e-04    4.100558e-03    1.058760e-03    5.293798e-03
7.500050e+08    1.032973e-01    1.787761e+21    7.973575e-04    3.986787e-03    1.029384e-03    5.146920e-03
7.816930e+08    1.030641e-01    1.692268e+21    7.757698e-04    3.878849e-03    1.001514e-03    5.007572e-03
8.133810e+08    1.028438e-01    1.603945e+21    7.552540e-04    3.776270e-03    9.750287e-04    4.875143e-03
8.450690e+08    1.026358e-01    1.522017e+21    7.357124e-04    3.678562e-03    9.498006e-04    4.749003e-03
8.767570e+08    1.024387e-01    1.447436e+21    7.174605e-04    3.587303e-03    9.262376e-04    4.631188e-03
9.084450e+08    1.022511e-01    1.381686e+21    7.009756e-04    3.504878e-03    9.049556e-04    4.524778e-03
9.401330e+08    1.020727e-01    1.319956e+21    6.851379e-04    3.425690e-03    8.845093e-04    4.422546e-03
9.718210e+08    1.019026e-01    1.262116e+21    6.699585e-04    3.349793e-03    8.649127e-04    4.324563e-03
1.003510e+09    1.017404e-01    1.207729e+21    6.553647e-04    3.276823e-03    8.460722e-04    4.230361e-03
1.035200e+09    1.015855e-01    1.156589e+21    6.413394e-04    3.206697e-03    8.279656e-04    4.139828e-03
1.066890e+09    1.014374e-01    1.108510e+21    6.278675e-04    3.139338e-03    8.105735e-04    4.052867e-03
1.098570e+09    1.012957e-01    1.063210e+21    6.149048e-04    3.074524e-03    7.938387e-04    3.969193e-03
1.130260e+09    1.011602e-01    1.020515e+21    6.024319e-04    3.012159e-03    7.777362e-04    3.888681e-03
1.161950e+09    1.010303e-01    9.802105e+20    5.904158e-04    2.952079e-03    7.622236e-04    3.811118e-03
1.193640e+09    1.009058e-01    9.422354e+20    5.788660e-04    2.894330e-03    7.473128e-04    3.736564e-03
1.225330e+09    1.007862e-01    9.063363e+20    5.677315e-04    2.838658e-03    7.329383e-04    3.664691e-03
1.257010e+09    1.006714e-01    8.723671e+20    5.569907e-04    2.784953e-03    7.190719e-04    3.595360e-03
1.288700e+09    1.005611e-01    8.402317e+20    5.466355e-04    2.733178e-03    7.057034e-04    3.528517e-03
1.320390e+09    1.004547e-01    8.112587e+20    5.371282e-04    2.685641e-03    6.934296e-04    3.467148e-03
1.352080e+09    1.003522e-01    7.849454e+20    5.283455e-04    2.641728e-03    6.820912e-04    3.410456e-03
1.383770e+09    1.002530e-01    7.599052e+20    5.198500e-04    2.599250e-03    6.711234e-04    3.355617e-03
1.415450e+09    1.001570e-01    7.360702e+20    5.116323e-04    2.558161e-03    6.605144e-04    3.302572e-03
1.447140e+09    1.000644e-01    7.133774e+20    5.036838e-04    2.518419e-03    6.502530e-04    3.251265e-03
1.478830e+09    9.997457e-02    6.917502e+20    4.959900e-04    2.479950e-03    6.403204e-04    3.201602e-03
1.510520e+09    9.988765e-02    6.711338e+20    4.885431e-04    2.442715e-03    6.307064e-04    3.153532e-03
1.542210e+09    9.980345e-02    6.514321e+20    4.813189e-04    2.406594e-03    6.213800e-04    3.106900e-03
1.573890e+09    9.972170e-02    6.326290e+20    4.743215e-04    2.371608e-03    6.123465e-04    3.061732e-03
1.605580e+09    9.964253e-02    6.146803e+20    4.675445e-04    2.337723e-03    6.035974e-04    3.017987e-03
1.637270e+09    9.956566e-02    5.975431e+20    4.609809e-04    2.304905e-03    5.951238e-04    2.975619e-03
1.668960e+09    9.949095e-02    5.811511e+20    4.546141e-04    2.273070e-03    5.869042e-04    2.934521e-03
1.700650e+09    9.941839e-02    5.654434e+20    4.484282e-04    2.242141e-03    5.789183e-04    2.894591e-03
1.732340e+09    9.934785e-02    5.504013e+20    4.424234e-04    2.212117e-03    5.711661e-04    2.855830e-03
1.764020e+09    9.927931e-02    5.360053e+20    4.365991e-04    2.182996e-03    5.636471e-04    2.818235e-03
1.795710e+09    9.921265e-02    5.222272e+20    4.309511e-04    2.154756e-03    5.563555e-04    2.781778e-03
1.827400e+09    9.914770e-02    5.090250e+20    4.254690e-04    2.127345e-03    5.492781e-04    2.746390e-03
1.859090e+09    9.908434e-02    4.963403e+20    4.201342e-04    2.100671e-03    5.423910e-04    2.711955e-03
1.890780e+09    9.902270e-02    4.841491e+20    4.149425e-04    2.074712e-03    5.356884e-04    2.678442e-03
1.922460e+09    9.896279e-02    4.724431e+20    4.098954e-04    2.049477e-03    5.291727e-04    2.645864e-03
1.954150e+09    9.890417e-02    4.612104e+20    4.049933e-04    2.024967e-03    5.228442e-04    2.614221e-03
1.985840e+09    9.884712e-02    4.504219e+20    4.002285e-04    2.001143e-03    5.166928e-04    2.583464e-03
2.017530e+09    9.879153e-02    4.400369e+20    3.955878e-04    1.977939e-03    5.107016e-04    2.553508e-03
2.049220e+09    9.873707e-02    4.300305e+20    3.910641e-04    1.955321e-03    5.048616e-04    2.524308e-03
2.080900e+09    9.868376e-02    4.229212e+20    3.878181e-04    1.939090e-03    5.006710e-04    2.503355e-03
2.112590e+09    9.863118e-02    4.160057e+20    3.846343e-04    1.923171e-03    4.965607e-04    2.482804e-03
2.144280e+09    9.857960e-02    4.092599e+20    3.815030e-04    1.907515e-03    4.925182e-04    2.462591e-03
2.175970e+09    9.852888e-02    4.027071e+20    3.784364e-04    1.892182e-03    4.885593e-04    2.442797e-03
2.207660e+09    9.847902e-02    3.963139e+20    3.754205e-04    1.877102e-03    4.846658e-04    2.423329e-03
2.239340e+09    9.843003e-02    3.900848e+20    3.724585e-04    1.862292e-03    4.808418e-04    2.404209e-03
2.271030e+09    9.838190e-02    3.839983e+20    3.695413e-04    1.847706e-03    4.770758e-04    2.385379e-03
2.302720e+09    9.833448e-02    3.780586e+20    3.666721e-04    1.833361e-03    4.733717e-04    2.366858e-03
2.334410e+09    9.828779e-02    3.722538e+20    3.638462e-04    1.819231e-03    4.697235e-04    2.348617e-03
2.366100e+09    9.824196e-02    3.665888e+20    3.610671e-04    1.805335e-03    4.661356e-04    2.330678e-03
2.397790e+09    9.819684e-02    3.610682e+20    3.583381e-04    1.791690e-03    4.626124e-04    2.313062e-03
2.429470e+09    9.815230e-02    3.556800e+20    3.556543e-04    1.778271e-03    4.591477e-04    2.295738e-03
2.461160e+09    9.810862e-02    3.504284e+20    3.530189e-04    1.765094e-03    4.557454e-04    2.278727e-03
2.492850e+09    9.806552e-02    3.452861e+20    3.504192e-04    1.752096e-03    4.523892e-04    2.261946e-03
2.524540e+09    9.802314e-02    3.402664e+20    3.478627e-04    1.739313e-03    4.490888e-04    2.245444e-03
2.556230e+09    9.798146e-02    3.353583e+20    3.453447e-04    1.726724e-03    4.458381e-04    2.229191e-03
2.587910e+09    9.794038e-02    3.305591e+20    3.428648e-04    1.714324e-03    4.426365e-04    2.213183e-03
2.619600e+09    9.789986e-02    3.258662e+20    3.404223e-04    1.702111e-03    4.394833e-04    2.197416e-03
2.651290e+09    9.785991e-02    3.212769e+20    3.380166e-04    1.690083e-03    4.363776e-04    2.181888e-03
2.682980e+09    9.782069e-02    3.167884e+20    3.356472e-04    1.678236e-03    4.333186e-04    2.166593e-03
2.714670e+09    9.778190e-02    3.123915e+20    3.333097e-04    1.666548e-03    4.303009e-04    2.151505e-03
2.746350e+09    9.774382e-02    3.080982e+20    3.310113e-04    1.655057e-03    4.273338e-04    2.136669e-03
2.778040e+09    9.770618e-02    3.039059e+20    3.287516e-04    1.643758e-03    4.244165e-04    2.122083e-03
2.809730e+09    9.766911e-02    2.997914e+20    3.265186e-04    1.632593e-03    4.215337e-04    2.107669e-03
2.841420e+09    9.763247e-02    2.957668e+20    3.243194e-04    1.621597e-03    4.186946e-04    2.093473e-03
2.873110e+09    9.759655e-02    2.918294e+20    3.221535e-04    1.610768e-03    4.158984e-04    2.079492e-03
2.904790e+09    9.756092e-02    2.879647e+20    3.200133e-04    1.600066e-03    4.131353e-04    2.065677e-03
2.936480e+09    9.752600e-02    2.841837e+20    3.179054e-04    1.589527e-03    4.104141e-04    2.052070e-03
2.968170e+09    9.749138e-02    2.804782e+20    3.158260e-04    1.579130e-03    4.077296e-04    2.038648e-03
2.999860e+09    9.745732e-02    2.768468e+20    3.137748e-04    1.568874e-03    4.050815e-04    2.025408e-03
3.031550e+09    9.742371e-02    2.732999e+20    3.117583e-04    1.558792e-03    4.024783e-04    2.012391e-03
3.063240e+09    9.739051e-02    2.698168e+20    3.097654e-04    1.548827e-03    3.999054e-04    1.999527e-03
3.094920e+09    9.735776e-02    2.664031e+20    3.077995e-04    1.538998e-03    3.973675e-04    1.986837e-03
3.126610e+09    9.732543e-02    2.630567e+20    3.058602e-04    1.529301e-03    3.948639e-04    1.974319e-03
3.158300e+09    9.729367e-02    2.597761e+20    3.039470e-04    1.519735e-03    3.923939e-04    1.961970e-03
3.189990e+09    9.726221e-02    2.565543e+20    3.020564e-04    1.510282e-03    3.899531e-04    1.949765e-03
3.221680e+09    9.723118e-02    2.534015e+20    3.001946e-04    1.500973e-03    3.875496e-04    1.937748e-03
3.253360e+09    9.720043e-02    2.503048e+20    2.983547e-04    1.491774e-03    3.851743e-04    1.925871e-03
3.285050e+09    9.717026e-02    2.472744e+20    2.965431e-04    1.482716e-03    3.828355e-04    1.914178e-03
3.316740e+09    9.714038e-02    2.442976e+20    2.947528e-04    1.473764e-03    3.805242e-04    1.902621e-03
3.348430e+09    9.711077e-02    2.413733e+20    2.929833e-04    1.464917e-03    3.782399e-04    1.891199e-03
3.380120e+09    9.708175e-02    2.385060e+20    2.912380e-04    1.456190e-03    3.759866e-04    1.879933e-03
3.411800e+09    9.705287e-02    2.356890e+20    2.895130e-04    1.447565e-03    3.737596e-04    1.868798e-03
3.443490e+09    9.702457e-02    2.329266e+20    2.878113e-04    1.439057e-03    3.715628e-04    1.857814e-03
3.475180e+09    9.699641e-02    2.302074e+20    2.861264e-04    1.430632e-03    3.693876e-04    1.846938e-03
3.506870e+09    9.696868e-02    2.275407e+20    2.844644e-04    1.422322e-03    3.672419e-04    1.836210e-03
3.538560e+09    9.694138e-02    2.249257e+20    2.828250e-04    1.414125e-03    3.651255e-04    1.825628e-03
3.570240e+09    9.691422e-02    2.223614e+20    2.812082e-04    1.406041e-03    3.630383e-04    1.815191e-03
3.601930e+09    9.688750e-02    2.198464e+20    2.796134e-04    1.398067e-03    3.609794e-04    1.804897e-03
3.633620e+09    9.686106e-02    2.173799e+20    2.780405e-04    1.390202e-03    3.589487e-04    1.794744e-03
3.665310e+09    9.683506e-02    2.149560e+20    2.764859e-04    1.382430e-03    3.569418e-04    1.784709e-03
3.697000e+09    9.680920e-02    2.125686e+20    2.749463e-04    1.374731e-03    3.549541e-04    1.774771e-03
3.728680e+09    9.678362e-02    2.102274e+20    2.734280e-04    1.367140e-03    3.529940e-04    1.764970e-03
3.760370e+09    9.675847e-02    2.079215e+20    2.719243e-04    1.359622e-03    3.510528e-04    1.755264e-03
3.792060e+09    9.673348e-02    2.056549e+20    2.704381e-04    1.352191e-03    3.491341e-04    1.745670e-03
3.823750e+09    9.670891e-02    2.034274e+20    2.689695e-04    1.344847e-03    3.472381e-04    1.736191e-03
3.855440e+09    9.668448e-02    2.012376e+20    2.675179e-04    1.337590e-03    3.453642e-04    1.726821e-03
3.887130e+09    9.666035e-02    1.990852e+20    2.660834e-04    1.330417e-03    3.435122e-04    1.717561e-03
3.918810e+09    9.663649e-02    1.973828e+20    2.649433e-04    1.324717e-03    3.420403e-04    1.710202e-03
3.950500e+09    9.661279e-02    1.957894e+20    2.638718e-04    1.319359e-03    3.406570e-04    1.703285e-03
3.982190e+09    9.658937e-02    1.942134e+20    2.628076e-04    1.314038e-03    3.392832e-04    1.696416e-03
4.013880e+09    9.656609e-02    1.926590e+20    2.617538e-04    1.308769e-03    3.379227e-04    1.689613e-03
4.045570e+09    9.654296e-02    1.911258e+20    2.607102e-04    1.303551e-03    3.365754e-04    1.682877e-03
4.077250e+09    9.652011e-02    1.896092e+20    2.596737e-04    1.298369e-03    3.352373e-04    1.676187e-03
4.108940e+09    9.649727e-02    1.881090e+20    2.586444e-04    1.293222e-03    3.339085e-04    1.669542e-03
4.140630e+09    9.647471e-02    1.866247e+20    2.576219e-04    1.288110e-03    3.325885e-04    1.662943e-03
4.172320e+09    9.645244e-02    1.851609e+20    2.566096e-04    1.283048e-03    3.312816e-04    1.656408e-03
4.204010e+09    9.643032e-02    1.837170e+20    2.556071e-04    1.278036e-03    3.299874e-04    1.649937e-03
4.235690e+09    9.640833e-02    1.822802e+20    2.546057e-04    1.273028e-03    3.286945e-04    1.643472e-03
4.267380e+09    9.638649e-02    1.808670e+20    2.536167e-04    1.268084e-03    3.274178e-04    1.637089e-03
4.299070e+09    9.636480e-02    1.794731e+20    2.526376e-04    1.263188e-03    3.261538e-04    1.630769e-03
4.330760e+09    9.634339e-02    1.780939e+20    2.516650e-04    1.258325e-03    3.248982e-04    1.624491e-03
4.362450e+09    9.632213e-02    1.767296e+20    2.506992e-04    1.253496e-03    3.236513e-04    1.618257e-03
4.394130e+09    9.630101e-02    1.753837e+20    2.497428e-04    1.248714e-03    3.224165e-04    1.612083e-03
4.425820e+09    9.628017e-02    1.740562e+20    2.487958e-04    1.243979e-03    3.211940e-04    1.605970e-03
4.457510e+09    9.625934e-02    1.727386e+20    2.478523e-04    1.239261e-03    3.199759e-04    1.599880e-03
4.489200e+09    9.623865e-02    1.714428e+20    2.469209e-04    1.234605e-03    3.187735e-04    1.593868e-03
4.520890e+09    9.621825e-02    1.701608e+20    2.459960e-04    1.229980e-03    3.175795e-04    1.587897e-03
4.552580e+09    9.619799e-02    1.688882e+20    2.450744e-04    1.225372e-03    3.163897e-04    1.581949e-03
4.584260e+09    9.617788e-02    1.676329e+20    2.441619e-04    1.220810e-03    3.152117e-04    1.576058e-03
4.615950e+09    9.615776e-02    1.663869e+20    2.432528e-04    1.216264e-03    3.140380e-04    1.570190e-03
4.647640e+09    9.613793e-02    1.651618e+20    2.423556e-04    1.211778e-03    3.128797e-04    1.564399e-03
4.679330e+09    9.611839e-02    1.639530e+20    2.414671e-04    1.207336e-03    3.117327e-04    1.558664e-03
4.711020e+09    9.609871e-02    1.627494e+20    2.405792e-04    1.202896e-03    3.105864e-04    1.552932e-03
4.742700e+09    9.607946e-02    1.615695e+20    2.397055e-04    1.198527e-03    3.094585e-04    1.547292e-03
4.774390e+09    9.606006e-02    1.603945e+20    2.388323e-04    1.194161e-03    3.083311e-04    1.541656e-03
4.806080e+09    9.604109e-02    1.592390e+20    2.379704e-04    1.189852e-03    3.072185e-04    1.536093e-03
4.837770e+09    9.602213e-02    1.580918e+20    2.371117e-04    1.185559e-03    3.061099e-04    1.530550e-03
4.869460e+09    9.600330e-02    1.569600e+20    2.362614e-04    1.181307e-03    3.050122e-04    1.525061e-03
4.901140e+09    9.598463e-02    1.558436e+20    2.354197e-04    1.177099e-03    3.039256e-04    1.519628e-03
4.932830e+09    9.596610e-02    1.547352e+20    2.345810e-04    1.172905e-03    3.028428e-04    1.514214e-03
4.964520e+09    9.594784e-02    1.536453e+20    2.337534e-04    1.168767e-03    3.017744e-04    1.508872e-03
4.996210e+09    9.592945e-02    1.525596e+20    2.329260e-04    1.164630e-03    3.007062e-04    1.503531e-03
5.027900e+09    9.591135e-02    1.514918e+20    2.321095e-04    1.160547e-03    2.996520e-04    1.498260e-03
5.059580e+09    9.589339e-02    1.504317e+20    2.312959e-04    1.156479e-03    2.986017e-04    1.493009e-03
5.091270e+09    9.587558e-02    1.493893e+20    2.304932e-04    1.152466e-03    2.975654e-04    1.487827e-03
5.122960e+09    9.585776e-02    1.483506e+20    2.296904e-04    1.148452e-03    2.965291e-04    1.482645e-03
5.154650e+09    9.584023e-02    1.473294e+20    2.288985e-04    1.144493e-03    2.955067e-04    1.477534e-03
5.186340e+09    9.582270e-02    1.463151e+20    2.281092e-04    1.140546e-03    2.944878e-04    1.472439e-03
5.218020e+09    9.580546e-02    1.453146e+20    2.273280e-04    1.136640e-03    2.934792e-04    1.467396e-03
5.249710e+09    9.578822e-02    1.443209e+20    2.265494e-04    1.132747e-03    2.924740e-04    1.462370e-03
5.281400e+09    9.577112e-02    1.433440e+20    2.257813e-04    1.128907e-03    2.914824e-04    1.457412e-03
5.313090e+09    9.575417e-02    1.423768e+20    2.250183e-04    1.125092e-03    2.904974e-04    1.452487e-03
5.344780e+09    9.573736e-02    1.414162e+20    2.242580e-04    1.121290e-03    2.895158e-04    1.447579e-03
5.376470e+09    9.572055e-02    1.404686e+20    2.235054e-04    1.117527e-03    2.885442e-04    1.442721e-03
5.408150e+09    9.570388e-02    1.395241e+20    2.227527e-04    1.113763e-03    2.875725e-04    1.437862e-03
5.439840e+09    9.568750e-02    1.385987e+20    2.220127e-04    1.110064e-03    2.866172e-04    1.433086e-03
5.471530e+09    9.567097e-02    1.376764e+20    2.212728e-04    1.106364e-03    2.856620e-04    1.428310e-03
5.503220e+09    9.565474e-02    1.367664e+20    2.205403e-04    1.102702e-03    2.847163e-04    1.423582e-03
5.534910e+09    9.563865e-02    1.358624e+20    2.198103e-04    1.099051e-03    2.837738e-04    1.418869e-03
5.566590e+09    9.562255e-02    1.349737e+20    2.190902e-04    1.095451e-03    2.828442e-04    1.414221e-03
5.598280e+09    9.560661e-02    1.340878e+20    2.183699e-04    1.091850e-03    2.819144e-04    1.409572e-03
5.629970e+09    9.559081e-02    1.332168e+20    2.176596e-04    1.088298e-03    2.809974e-04    1.404987e-03
5.661660e+09    9.557500e-02    1.323516e+20    2.169516e-04    1.084758e-03    2.800833e-04    1.400417e-03
5.693350e+09    9.555948e-02    1.314980e+20    2.162509e-04    1.081254e-03    2.791787e-04    1.395893e-03
5.725030e+09    9.554382e-02    1.306469e+20    2.155499e-04    1.077750e-03    2.782737e-04    1.391369e-03
5.756720e+09    9.552845e-02    1.298103e+20    2.148587e-04    1.074293e-03    2.773813e-04    1.386907e-03
5.788410e+09    9.551322e-02    1.289790e+20    2.141696e-04    1.070848e-03    2.764918e-04    1.382459e-03
5.820100e+09    9.549799e-02    1.281561e+20    2.134852e-04    1.067426e-03    2.756083e-04    1.378041e-03
5.851790e+09    9.548290e-02    1.273413e+20    2.128055e-04    1.064028e-03    2.747308e-04    1.373654e-03
5.883470e+09    9.546781e-02    1.265375e+20    2.121329e-04    1.060664e-03    2.738623e-04    1.369312e-03
5.915160e+09    9.545287e-02    1.257388e+20    2.114623e-04    1.057312e-03    2.729967e-04    1.364983e-03
5.946850e+09    9.543807e-02    1.249509e+20    2.107988e-04    1.053994e-03    2.721400e-04    1.360700e-03
5.978540e+09    9.542342e-02    1.241678e+20    2.101372e-04    1.050686e-03    2.712859e-04    1.356430e-03
6.010230e+09    9.540877e-02    1.233955e+20    2.094826e-04    1.047413e-03    2.704409e-04    1.352204e-03
6.041920e+09    9.539425e-02    1.226251e+20    2.088277e-04    1.044138e-03    2.695953e-04    1.347977e-03
6.073600e+09    9.537988e-02    1.218678e+20    2.081818e-04    1.040909e-03    2.687616e-04    1.343808e-03
6.105290e+09    9.536552e-02    1.211154e+20    2.075381e-04    1.037691e-03    2.679306e-04    1.339653e-03
6.136980e+09    9.535129e-02    1.203703e+20    2.068988e-04    1.034494e-03    2.671052e-04    1.335526e-03
6.168670e+09    9.533707e-02    1.196325e+20    2.062637e-04    1.031319e-03    2.662853e-04    1.331427e-03
6.200360e+09    9.532299e-02    1.189020e+20    2.056331e-04    1.028165e-03    2.654711e-04    1.327356e-03
6.232040e+09    9.530905e-02    1.181814e+20    2.050090e-04    1.025045e-03    2.646654e-04    1.323327e-03
6.263730e+09    9.529526e-02    1.174652e+20    2.043868e-04    1.021934e-03    2.638623e-04    1.319311e-03
6.295420e+09    9.528146e-02    1.167586e+20    2.037712e-04    1.018856e-03    2.630675e-04    1.315338e-03
6.327110e+09    9.526767e-02    1.160538e+20    2.031552e-04    1.015776e-03    2.622723e-04    1.311361e-03
6.358800e+09    9.525403e-02    1.153584e+20    2.025456e-04    1.012728e-03    2.614853e-04    1.307426e-03
6.390480e+09    9.524052e-02    1.146699e+20    2.019403e-04    1.009701e-03    2.607038e-04    1.303519e-03
6.422170e+09    9.522715e-02    1.139880e+20    2.013390e-04    1.006695e-03    2.599275e-04    1.299638e-03
6.453860e+09    9.521365e-02    1.133103e+20    2.007396e-04    1.003698e-03    2.591537e-04    1.295769e-03
6.485550e+09    9.520043e-02    1.126417e+20    2.001465e-04    1.000732e-03    2.583880e-04    1.291940e-03
6.517240e+09    9.518722e-02    1.119771e+20    1.995551e-04    9.977756e-04    2.576246e-04    1.288123e-03
6.548920e+09    9.517414e-02    1.113215e+20    1.989701e-04    9.948506e-04    2.568693e-04    1.284346e-03
6.580610e+09    9.516106e-02    1.106673e+20    1.983846e-04    9.919231e-04    2.561135e-04    1.280567e-03
6.612300e+09    9.514799e-02    1.100245e+20    1.978076e-04    9.890380e-04    2.553685e-04    1.276842e-03
6.643990e+09    9.513506e-02    1.093828e+20    1.972300e-04    9.861498e-04    2.546228e-04    1.273114e-03
6.675680e+09    9.512227e-02    1.087500e+20    1.966586e-04    9.832928e-04    2.538851e-04    1.269426e-03
6.707370e+09    9.510963e-02    1.081209e+20    1.960889e-04    9.804446e-04    2.531497e-04    1.265749e-03
6.739050e+09    9.509698e-02    1.075002e+20    1.955253e-04    9.776267e-04    2.524221e-04    1.262111e-03
6.770740e+09    9.508434e-02    1.068832e+20    1.949634e-04    9.748168e-04    2.516966e-04    1.258483e-03
6.802430e+09    9.507184e-02    1.062721e+20    1.944053e-04    9.720262e-04    2.509761e-04    1.254881e-03
6.834120e+09    9.505934e-02    1.056646e+20    1.938487e-04    9.692437e-04    2.502576e-04    1.251288e-03
6.865810e+09    9.504698e-02    1.050653e+20    1.932983e-04    9.664913e-04    2.495470e-04    1.247735e-03
6.897490e+09    9.503463e-02    1.044694e+20    1.927494e-04    9.637468e-04    2.488384e-04    1.244192e-03
6.929180e+09    9.502256e-02    1.038794e+20    1.922042e-04    9.610211e-04    2.481346e-04    1.240673e-03
6.960870e+09    9.501035e-02    1.032950e+20    1.916629e-04    9.583143e-04    2.474357e-04    1.237178e-03
6.992560e+09    9.499827e-02    1.027163e+20    1.911252e-04    9.556260e-04    2.467416e-04    1.233708e-03
7.024250e+09    9.498621e-02    1.021408e+20    1.905891e-04    9.529453e-04    2.460494e-04    1.230247e-03
7.055930e+09    9.497428e-02    1.015709e+20    1.900566e-04    9.502831e-04    2.453620e-04    1.226810e-03
7.087620e+09    9.496235e-02    1.010065e+20    1.895278e-04    9.476392e-04    2.446794e-04    1.223397e-03
7.119310e+09    9.495058e-02    1.004476e+20    1.890027e-04    9.450136e-04    2.440015e-04    1.220007e-03
7.151000e+09    9.493894e-02    9.989393e+19    1.884811e-04    9.424056e-04    2.433281e-04    1.216640e-03
7.182690e+09    9.492730e-02    9.934572e+19    1.879632e-04    9.398161e-04    2.426595e-04    1.213297e-03
7.214370e+09    9.491566e-02    9.879825e+19    1.874446e-04    9.372230e-04    2.419899e-04    1.209950e-03
7.246060e+09    9.490403e-02    9.826059e+19    1.869339e-04    9.346693e-04    2.413306e-04    1.206653e-03
7.277750e+09    9.489253e-02    9.772360e+19    1.864224e-04    9.321119e-04    2.406703e-04    1.203351e-03
7.309440e+09    9.488118e-02    9.719393e+19    1.859165e-04    9.295824e-04    2.400171e-04    1.200086e-03
7.341130e+09    9.486983e-02    9.666500e+19    1.854099e-04    9.270495e-04    2.393632e-04    1.196816e-03
7.372810e+09    9.485862e-02    9.614339e+19    1.849090e-04    9.245449e-04    2.387165e-04    1.193582e-03
7.404500e+09    9.484727e-02    9.562447e+19    1.844093e-04    9.220465e-04    2.380714e-04    1.190357e-03
7.436190e+09    9.483621e-02    9.511067e+19    1.839132e-04    9.195661e-04    2.374309e-04    1.187155e-03
7.467880e+09    9.482514e-02    9.459961e+19    1.834184e-04    9.170922e-04    2.367922e-04    1.183961e-03
7.499570e+09    9.481408e-02    9.409555e+19    1.829291e-04    9.146456e-04    2.361605e-04    1.180802e-03
7.531260e+09    9.480316e-02    9.359212e+19    1.824391e-04    9.121955e-04    2.355279e-04    1.177639e-03
7.562940e+09    9.479224e-02    9.309782e+19    1.819567e-04    9.097835e-04    2.349051e-04    1.174526e-03
7.594630e+09    9.478132e-02    9.260175e+19    1.814713e-04    9.073564e-04    2.342784e-04    1.171392e-03
7.626320e+09    9.477054e-02    9.211480e+19    1.809935e-04    9.049676e-04    2.336616e-04    1.168308e-03
7.658010e+09    9.475977e-02    9.162609e+19    1.805128e-04    9.025638e-04    2.330410e-04    1.165205e-03
7.689700e+09    9.474914e-02    9.114848e+19    1.800417e-04    9.002083e-04    2.324328e-04    1.162164e-03
7.721380e+09    9.473851e-02    9.066907e+19    1.795676e-04    8.978378e-04    2.318207e-04    1.159104e-03
7.753070e+09    9.472802e-02    9.019644e+19    1.790989e-04    8.954947e-04    2.312157e-04    1.156079e-03
7.784760e+09    9.471739e-02    8.972618e+19    1.786314e-04    8.931572e-04    2.306122e-04    1.153061e-03
7.816450e+09    9.470704e-02    8.926259e+19    1.781694e-04    8.908468e-04    2.300157e-04    1.150078e-03
7.848140e+09    9.469655e-02    8.879924e+19    1.777064e-04    8.885317e-04    2.294179e-04    1.147089e-03
7.879820e+09    9.468635e-02    8.834238e+19    1.772486e-04    8.862431e-04    2.288270e-04    1.144135e-03
7.911510e+09    9.467601e-02    8.788796e+19    1.767922e-04    8.839608e-04    2.282377e-04    1.141188e-03
7.943200e+09    9.466581e-02    8.743982e+19    1.763409e-04    8.817042e-04    2.276551e-04    1.138275e-03
7.974890e+09    9.465560e-02    8.698994e+19    1.758866e-04    8.794331e-04    2.270687e-04    1.135343e-03
8.006580e+09    9.464555e-02    8.654846e+19    1.754398e-04    8.771987e-04    2.264917e-04    1.132459e-03
8.038260e+09    9.463549e-02    8.610715e+19    1.749919e-04    8.749594e-04    2.259136e-04    1.129568e-03
8.069950e+09    9.462543e-02    8.567401e+19    1.745512e-04    8.727561e-04    2.253446e-04    1.126723e-03
8.101640e+09    9.461552e-02    8.523725e+19    1.741057e-04    8.705286e-04    2.247695e-04    1.123848e-03
8.133330e+09    9.460560e-02    8.481044e+19    1.736693e-04    8.683463e-04    2.242061e-04    1.121030e-03
8.165020e+09    9.459569e-02    8.438188e+19    1.732299e-04    8.661496e-04    2.236389e-04    1.118194e-03
8.196710e+09    9.458592e-02    8.396130e+19    1.727977e-04    8.639883e-04    2.230808e-04    1.115404e-03
8.228390e+09    9.457615e-02    8.354290e+19    1.723666e-04    8.618329e-04    2.225243e-04    1.112622e-03
8.260080e+09    9.456652e-02    8.312649e+19    1.719365e-04    8.596824e-04    2.219690e-04    1.109845e-03
8.291770e+09    9.455690e-02    8.271406e+19    1.715094e-04    8.575471e-04    2.214177e-04    1.107089e-03
8.323460e+09    9.454727e-02    8.230369e+19    1.710834e-04    8.554172e-04    2.208678e-04    1.104339e-03
8.355150e+09    9.453778e-02    8.189723e+19    1.706605e-04    8.533023e-04    2.203217e-04    1.101608e-03
8.386830e+09    9.452816e-02    8.149278e+19    1.702385e-04    8.511927e-04    2.197770e-04    1.098885e-03
8.418520e+09    9.451882e-02    8.109221e+19    1.698196e-04    8.490981e-04    2.192362e-04    1.096181e-03
8.450210e+09    9.450934e-02    8.069360e+19    1.694017e-04    8.470087e-04    2.186967e-04    1.093484e-03
8.481900e+09    9.450000e-02    8.029880e+19    1.689868e-04    8.449341e-04    2.181610e-04    1.090805e-03
8.513590e+09    9.449066e-02    7.990786e+19    1.685750e-04    8.428748e-04    2.176293e-04    1.088147e-03
8.545270e+09    9.448146e-02    7.951874e+19    1.681640e-04    8.408200e-04    2.170988e-04    1.085494e-03
8.576960e+09    9.447213e-02    7.913334e+19    1.677560e-04    8.387800e-04    2.165721e-04    1.082860e-03
8.608650e+09    9.446307e-02    7.875162e+19    1.673509e-04    8.367545e-04    2.160491e-04    1.080245e-03
8.640340e+09    9.445388e-02    7.837174e+19    1.669468e-04    8.347339e-04    2.155274e-04    1.077637e-03
8.672030e+09    9.444483e-02    7.799541e+19    1.665455e-04    8.327274e-04    2.150093e-04    1.075046e-03
8.703710e+09    9.443577e-02    7.763887e+19    1.661644e-04    8.308219e-04    2.145173e-04    1.072586e-03
8.735400e+09    9.442673e-02    7.733913e+19    1.658433e-04    8.292165e-04    2.141028e-04    1.070514e-03
8.767090e+09    9.441782e-02    7.704411e+19    1.655267e-04    8.276335e-04    2.136940e-04    1.068470e-03
8.798780e+09    9.440891e-02    7.674836e+19    1.652087e-04    8.260434e-04    2.132835e-04    1.066417e-03
8.830470e+09    9.440000e-02    7.645382e+19    1.648914e-04    8.244568e-04    2.128738e-04    1.064369e-03
8.862160e+09    9.439109e-02    7.616217e+19    1.645766e-04    8.228828e-04    2.124674e-04    1.062337e-03
8.893840e+09    9.438233e-02    7.587164e+19    1.642623e-04    8.213118e-04    2.120618e-04    1.060309e-03
8.925530e+09    9.437356e-02    7.558387e+19    1.639505e-04    8.197527e-04    2.116593e-04    1.058296e-03
8.957220e+09    9.436480e-02    7.529554e+19    1.636375e-04    8.181877e-04    2.112552e-04    1.056276e-03
8.988910e+09    9.435603e-02    7.501004e+19    1.633270e-04    8.166350e-04    2.108543e-04    1.054271e-03
9.020600e+09    9.434742e-02    7.472726e+19    1.630189e-04    8.150943e-04    2.104564e-04    1.052282e-03
9.052280e+09    9.433865e-02    7.444392e+19    1.627095e-04    8.135475e-04    2.100571e-04    1.050285e-03
9.083970e+09    9.433003e-02    7.416335e+19    1.624026e-04    8.120130e-04    2.096609e-04    1.048304e-03
9.115660e+09    9.432155e-02    7.388377e+19    1.620962e-04    8.104810e-04    2.092653e-04    1.046326e-03
9.147350e+09    9.431293e-02    7.360532e+19    1.617905e-04    8.089523e-04    2.088706e-04    1.044353e-03
9.179040e+09    9.430446e-02    7.332961e+19    1.614872e-04    8.074358e-04    2.084790e-04    1.042395e-03
9.210720e+09    9.429597e-02    7.305485e+19    1.611843e-04    8.059217e-04    2.080881e-04    1.040440e-03
9.242410e+09    9.428750e-02    7.278121e+19    1.608822e-04    8.044109e-04    2.076980e-04    1.038490e-03
9.274100e+09    9.427916e-02    7.251025e+19    1.605824e-04    8.029121e-04    2.073110e-04    1.036555e-03
9.305790e+09    9.427069e-02    7.224023e+19    1.602831e-04    8.014158e-04    2.069247e-04    1.034623e-03
9.337480e+09    9.426236e-02    7.197130e+19    1.599845e-04    7.999226e-04    2.065391e-04    1.032696e-03
9.369160e+09    9.425402e-02    7.170501e+19    1.596883e-04    7.984414e-04    2.061567e-04    1.030783e-03
9.400850e+09    9.424583e-02    7.143964e+19    1.593925e-04    7.969626e-04    2.057749e-04    1.028874e-03
9.432540e+09    9.423750e-02    7.117532e+19    1.590974e-04    7.954869e-04    2.053938e-04    1.026969e-03
9.464230e+09    9.422931e-02    7.091191e+19    1.588027e-04    7.940135e-04    2.050134e-04    1.025067e-03
9.495920e+09    9.422112e-02    7.065117e+19    1.585105e-04    7.925524e-04    2.046362e-04    1.023181e-03
9.527600e+09    9.421293e-02    7.039132e+19    1.582187e-04    7.910936e-04    2.042595e-04    1.021297e-03
9.559290e+09    9.420474e-02    7.013250e+19    1.579276e-04    7.896379e-04    2.038836e-04    1.019418e-03
9.590980e+09    9.419669e-02    6.987616e+19    1.576387e-04    7.881935e-04    2.035107e-04    1.017553e-03
9.622670e+09    9.418865e-02    6.962084e+19    1.573504e-04    7.867522e-04    2.031385e-04    1.015693e-03
9.654360e+09    9.418061e-02    6.936798e+19    1.570644e-04    7.853222e-04    2.027693e-04    1.013847e-03
9.686050e+09    9.417256e-02    6.911452e+19    1.567772e-04    7.838861e-04    2.023985e-04    1.011993e-03
9.717730e+09    9.416466e-02    6.886357e+19    1.564923e-04    7.824617e-04    2.020307e-04    1.010154e-03
9.749420e+09    9.415661e-02    6.861346e+19    1.562079e-04    7.810394e-04    2.016635e-04    1.008318e-03
9.781110e+09    9.414871e-02    6.836582e+19    1.559257e-04    7.796287e-04    2.012993e-04    1.006496e-03
9.812800e+09    9.414081e-02    6.811759e+19    1.556424e-04    7.782121e-04    2.009335e-04    1.004668e-03
9.844490e+09    9.413305e-02    6.787332e+19    1.553631e-04    7.768154e-04    2.005729e-04    1.002864e-03
9.876170e+09    9.412515e-02    6.762844e+19    1.550826e-04    7.754128e-04    2.002107e-04    1.001054e-03
9.907860e+09    9.411738e-02    6.738592e+19    1.548043e-04    7.740212e-04    1.998514e-04    9.992571e-04
9.939550e+09    9.410962e-02    6.714434e+19    1.545265e-04    7.726325e-04    1.994929e-04    9.974643e-04
9.971240e+09    9.410187e-02    6.690355e+19    1.542492e-04    7.712460e-04    1.991349e-04    9.956743e-04
1.000290e+10    9.409426e-02    6.666370e+19    1.539725e-04    7.698623e-04    1.987776e-04    9.938879e-04
1.003460e+10    9.408650e-02    6.642770e+19    1.536997e-04    7.684983e-04    1.984254e-04    9.921271e-04
1.006630e+10    9.407888e-02    6.618949e+19    1.534238e-04    7.671192e-04    1.980693e-04    9.903466e-04
1.009800e+10    9.407126e-02    6.595525e+19    1.531521e-04    7.657605e-04    1.977185e-04    9.885926e-04
1.012970e+10    9.406365e-02    6.572024e+19    1.528790e-04    7.643951e-04    1.973660e-04    9.868298e-04
1.016140e+10    9.405603e-02    6.548766e+19    1.526083e-04    7.630413e-04    1.970164e-04    9.850821e-04
1.019310e+10    9.404857e-02    6.525431e+19    1.523361e-04    7.616807e-04    1.966651e-04    9.833255e-04
1.022470e+10    9.404109e-02    6.502480e+19    1.520680e-04    7.603400e-04    1.963190e-04    9.815947e-04
1.025640e+10    9.403348e-02    6.479468e+19    1.517987e-04    7.589934e-04    1.959713e-04    9.798562e-04
1.028810e+10    9.402615e-02    6.456679e+19    1.515315e-04    7.576574e-04    1.956263e-04    9.781316e-04
1.031980e+10    9.401868e-02    6.433977e+19    1.512649e-04    7.563243e-04    1.952821e-04    9.764105e-04
1.035150e+10    9.401135e-02    6.411495e+19    1.510004e-04    7.550018e-04    1.949406e-04    9.747031e-04
1.038320e+10    9.400388e-02    6.388945e+19    1.507346e-04    7.536729e-04    1.945975e-04    9.729875e-04
1.041490e+10    9.399655e-02    6.366628e+19    1.504711e-04    7.523554e-04    1.942573e-04    9.712867e-04
1.044660e+10    9.398922e-02    6.344236e+19    1.502062e-04    7.510312e-04    1.939154e-04    9.695771e-04
1.047820e+10    9.398190e-02    6.322214e+19    1.499453e-04    7.497266e-04    1.935786e-04    9.678928e-04
1.050990e+10    9.397472e-02    6.300420e+19    1.496867e-04    7.484332e-04    1.932446e-04    9.662232e-04
1.054160e+10    9.396738e-02    6.278550e+19    1.494266e-04    7.471332e-04    1.929089e-04    9.645448e-04
1.057330e+10    9.396020e-02    6.256756e+19    1.491671e-04    7.458353e-04    1.925738e-04    9.628692e-04
1.060500e+10    9.395302e-02    6.235182e+19    1.489097e-04    7.445483e-04    1.922416e-04    9.612077e-04
1.063670e+10    9.394584e-02    6.213831e+19    1.486545e-04    7.432725e-04    1.919121e-04    9.595606e-04
1.066840e+10    9.393880e-02    6.192405e+19    1.483980e-04    7.419899e-04    1.915810e-04    9.579048e-04
1.070010e+10    9.393161e-02    6.171194e+19    1.481436e-04    7.407181e-04    1.912526e-04    9.562629e-04
1.073180e+10    9.392457e-02    6.150057e+19    1.478897e-04    7.394484e-04    1.909248e-04    9.546238e-04
1.076340e+10    9.391753e-02    6.128998e+19    1.476363e-04    7.381813e-04    1.905976e-04    9.529880e-04
1.079510e+10    9.391049e-02    6.108145e+19    1.473849e-04    7.369245e-04    1.902731e-04    9.513654e-04
1.082680e+10    9.390345e-02    6.087364e+19    1.471340e-04    7.356698e-04    1.899491e-04    9.497456e-04
1.085850e+10    9.389655e-02    6.066513e+19    1.468818e-04    7.344088e-04    1.896236e-04    9.481177e-04
1.089020e+10    9.388951e-02    6.046013e+19    1.466334e-04    7.331669e-04    1.893029e-04    9.465144e-04
1.092190e+10    9.388262e-02    6.025449e+19    1.463838e-04    7.319190e-04    1.889807e-04    9.449034e-04
1.095360e+10    9.387571e-02    6.005087e+19    1.461363e-04    7.306813e-04    1.886611e-04    9.433055e-04
1.098530e+10    9.386882e-02    5.984794e+19    1.458891e-04    7.294456e-04    1.883421e-04    9.417103e-04
1.101690e+10    9.386192e-02    5.964570e+19    1.456424e-04    7.282121e-04    1.880236e-04    9.401178e-04
1.104860e+10    9.385518e-02    5.944551e+19    1.453978e-04    7.269890e-04    1.877078e-04    9.385388e-04
1.108030e+10    9.384828e-02    5.924606e+19    1.451537e-04    7.257684e-04    1.873926e-04    9.369630e-04
1.111200e+10    9.384152e-02    5.904722e+19    1.449099e-04    7.245494e-04    1.870779e-04    9.353893e-04
1.114370e+10    9.383477e-02    5.884903e+19    1.446665e-04    7.233325e-04    1.867637e-04    9.338182e-04
1.117540e+10    9.382802e-02    5.865287e+19    1.444252e-04    7.221259e-04    1.864521e-04    9.322606e-04
1.120710e+10    9.382126e-02    5.845736e+19    1.441843e-04    7.209214e-04    1.861411e-04    9.307055e-04
1.123880e+10    9.381466e-02    5.826116e+19    1.439421e-04    7.197106e-04    1.858285e-04    9.291424e-04
1.127040e+10    9.380790e-02    5.806830e+19    1.437037e-04    7.185183e-04    1.855206e-04    9.276032e-04
1.130210e+10    9.380129e-02    5.787480e+19    1.434640e-04    7.173202e-04    1.852113e-04    9.260564e-04
1.133380e+10    9.379469e-02    5.768321e+19    1.432264e-04    7.161319e-04    1.849045e-04    9.245224e-04
1.136550e+10    9.378807e-02    5.749226e+19    1.429891e-04    7.149456e-04    1.845982e-04    9.229908e-04
1.139720e+10    9.378161e-02    5.730326e+19    1.427539e-04    7.137695e-04    1.842945e-04    9.214725e-04
1.142890e+10    9.377500e-02    5.711489e+19    1.425191e-04    7.125954e-04    1.839913e-04    9.199566e-04
1.146060e+10    9.376839e-02    5.692713e+19    1.422846e-04    7.114231e-04    1.836887e-04    9.184433e-04
1.149230e+10    9.376193e-02    5.673999e+19    1.420506e-04    7.102528e-04    1.833865e-04    9.169324e-04
1.152400e+10    9.375546e-02    5.655477e+19    1.418185e-04    7.090926e-04    1.830869e-04    9.154346e-04
1.155560e+10    9.374900e-02    5.637016e+19    1.415868e-04    7.079343e-04    1.827878e-04    9.139392e-04
1.158730e+10    9.374253e-02    5.618743e+19    1.413572e-04    7.067860e-04    1.824913e-04    9.124568e-04
1.161900e+10    9.373621e-02    5.600402e+19    1.411263e-04    7.056314e-04    1.821933e-04    9.109662e-04
1.165070e+10    9.372974e-02    5.582249e+19    1.408974e-04    7.044869e-04    1.818977e-04    9.094886e-04
1.168240e+10    9.372342e-02    5.564155e+19    1.406688e-04    7.033442e-04    1.816027e-04    9.080134e-04
1.171410e+10    9.371710e-02    5.546119e+19    1.404407e-04    7.022034e-04    1.813081e-04    9.065406e-04
1.174580e+10    9.371078e-02    5.528269e+19    1.402145e-04    7.010725e-04    1.810161e-04    9.050807e-04
1.177750e+10    9.370445e-02    5.510477e+19    1.399887e-04    6.999434e-04    1.807246e-04    9.036230e-04
1.180910e+10    9.369813e-02    5.492742e+19    1.397632e-04    6.988161e-04    1.804335e-04    9.021677e-04
1.184080e+10    9.369181e-02    5.475064e+19    1.395381e-04    6.976906e-04    1.801429e-04    9.007148e-04
1.187250e+10    9.368564e-02    5.457569e+19    1.393150e-04    6.965750e-04    1.798549e-04    8.992745e-04
1.190420e+10    9.367946e-02    5.440129e+19    1.390923e-04    6.954612e-04    1.795673e-04    8.978366e-04
1.193590e+10    9.367313e-02    5.422621e+19    1.388682e-04    6.943412e-04    1.792781e-04    8.963906e-04
1.196760e+10    9.366710e-02    5.405418e+19    1.386478e-04    6.932389e-04    1.789935e-04    8.949676e-04
1.199930e+10    9.366092e-02    5.388145e+19    1.384261e-04    6.921305e-04    1.787073e-04    8.935366e-04
1.203100e+10    9.365474e-02    5.371176e+19    1.382079e-04    6.910397e-04    1.784257e-04    8.921284e-04
1.206270e+10    9.364857e-02    5.354012e+19    1.379869e-04    6.899347e-04    1.781404e-04    8.907019e-04
1.209430e+10    9.364253e-02    5.337150e+19    1.377695e-04    6.888474e-04    1.778596e-04    8.892982e-04
1.212600e+10    9.363650e-02    5.320218e+19    1.375508e-04    6.877539e-04    1.775773e-04    8.878864e-04
1.215770e+10    9.363046e-02    5.303462e+19    1.373340e-04    6.866700e-04    1.772974e-04    8.864871e-04
1.218940e+10    9.362428e-02    5.286753e+19    1.371175e-04    6.855874e-04    1.770179e-04    8.850896e-04
1.222110e+10    9.361839e-02    5.270225e+19    1.369030e-04    6.845148e-04    1.767410e-04    8.837049e-04
1.225280e+10    9.361236e-02    5.253626e+19    1.366872e-04    6.834360e-04    1.764624e-04    8.823122e-04
1.228450e+10    9.360632e-02    5.237201e+19    1.364734e-04    6.823669e-04    1.761864e-04    8.809319e-04
1.231620e+10    9.360043e-02    5.220827e+19    1.362599e-04    6.812993e-04    1.759107e-04    8.795537e-04
1.234780e+10    9.359454e-02    5.204504e+19    1.360467e-04    6.802335e-04    1.756355e-04    8.781776e-04
1.237950e+10    9.358851e-02    5.188352e+19    1.358354e-04    6.791771e-04    1.753628e-04    8.768139e-04
1.241120e+10    9.358276e-02    5.172250e+19    1.356245e-04    6.781223e-04    1.750904e-04    8.754522e-04
1.244290e+10    9.357686e-02    5.156192e+19    1.354138e-04    6.770689e-04    1.748184e-04    8.740922e-04
1.247460e+10    9.357098e-02    5.140309e+19    1.352050e-04    6.760252e-04    1.745490e-04    8.727449e-04
1.250630e+10    9.356509e-02    5.124356e+19    1.349951e-04    6.749754e-04    1.742779e-04    8.713895e-04
1.253800e+10    9.355934e-02    5.108688e+19    1.347885e-04    6.739427e-04    1.740113e-04    8.700563e-04
1.256970e+10    9.355345e-02    5.092950e+19    1.345808e-04    6.729039e-04    1.737430e-04    8.687152e-04
1.260130e+10    9.354770e-02    5.077373e+19    1.343748e-04    6.718740e-04    1.734771e-04    8.673856e-04
1.263300e+10    9.354195e-02    5.061732e+19    1.341677e-04    6.708384e-04    1.732097e-04    8.660486e-04
1.266470e+10    9.353621e-02    5.046372e+19    1.339639e-04    6.698198e-04    1.729467e-04    8.647336e-04
1.269640e+10    9.353046e-02    5.030827e+19    1.337574e-04    6.687873e-04    1.726801e-04    8.634006e-04
1.272810e+10    9.352486e-02    5.015676e+19    1.335559e-04    6.677795e-04    1.724199e-04    8.620996e-04
1.275980e+10    9.351911e-02    5.000335e+19    1.333515e-04    6.667574e-04    1.721560e-04    8.607802e-04
1.279150e+10    9.351350e-02    4.985161e+19    1.331490e-04    6.657450e-04    1.718946e-04    8.594731e-04
1.282320e+10    9.350776e-02    4.970034e+19    1.329468e-04    6.647341e-04    1.716336e-04    8.581681e-04
1.285490e+10    9.350215e-02    4.955066e+19    1.327465e-04    6.637324e-04    1.713750e-04    8.568749e-04
1.288650e+10    9.349655e-02    4.940025e+19    1.325449e-04    6.627243e-04    1.711147e-04    8.555733e-04
1.291820e+10    9.349095e-02    4.925261e+19    1.323466e-04    6.617332e-04    1.708588e-04    8.542939e-04
1.294990e+10    9.348534e-02    4.910315e+19    1.321457e-04    6.607284e-04    1.705993e-04    8.529968e-04
1.298160e+10    9.347989e-02    4.895640e+19    1.319481e-04    6.597404e-04    1.703442e-04    8.517212e-04
1.301330e+10    9.347428e-02    4.880892e+19    1.317492e-04    6.587459e-04    1.700874e-04    8.504373e-04
1.304500e+10    9.346882e-02    4.866417e+19    1.315537e-04    6.577683e-04    1.698351e-04    8.491753e-04
1.307670e+10    9.346322e-02    4.851761e+19    1.313554e-04    6.567771e-04    1.695791e-04    8.478956e-04
1.310840e+10    9.345776e-02    4.837368e+19    1.311604e-04    6.558022e-04    1.693274e-04    8.466370e-04
1.314000e+10    9.345230e-02    4.822911e+19    1.309643e-04    6.548215e-04    1.690742e-04    8.453709e-04
1.317170e+10    9.344684e-02    4.808719e+19    1.307715e-04    6.538574e-04    1.688253e-04    8.441263e-04
1.320340e+10    9.344138e-02    4.794343e+19    1.305759e-04    6.528792e-04    1.685727e-04    8.428635e-04
1.323510e+10    9.343606e-02    4.780235e+19    1.303836e-04    6.519180e-04    1.683245e-04    8.416225e-04
1.326680e+10    9.343061e-02    4.766059e+19    1.301901e-04    6.509506e-04    1.680747e-04    8.403736e-04
1.329850e+10    9.342529e-02    4.752139e+19    1.299999e-04    6.499993e-04    1.678291e-04    8.391455e-04
1.333020e+10    9.341983e-02    4.738046e+19    1.298069e-04    6.490348e-04    1.675801e-04    8.379003e-04
1.336190e+10    9.341451e-02    4.724322e+19    1.296188e-04    6.480941e-04    1.673372e-04    8.366858e-04
1.339360e+10    9.340919e-02    4.710306e+19    1.294264e-04    6.471320e-04    1.670888e-04    8.354439e-04
1.342520e+10    9.340388e-02    4.696662e+19    1.292388e-04    6.461941e-04    1.668466e-04    8.342330e-04
1.345690e+10    9.339856e-02    4.682837e+19    1.290485e-04    6.452423e-04    1.666009e-04    8.330042e-04
1.348860e+10    9.339325e-02    4.669380e+19    1.288629e-04    6.443145e-04    1.663613e-04    8.318065e-04
1.352030e+10    9.338807e-02    4.655640e+19    1.286732e-04    6.433659e-04    1.661164e-04    8.305818e-04
1.355200e+10    9.338276e-02    4.642257e+19    1.284881e-04    6.424405e-04    1.658774e-04    8.293871e-04
1.358370e+10    9.337759e-02    4.628703e+19    1.283004e-04    6.415020e-04    1.656351e-04    8.281755e-04
1.361540e+10    9.337241e-02    4.615504e+19    1.281173e-04    6.405866e-04    1.653988e-04    8.269938e-04
1.364710e+10    9.336710e-02    4.602028e+19    1.279302e-04    6.396508e-04    1.651571e-04    8.257856e-04
1.367870e+10    9.336193e-02    4.588910e+19    1.277477e-04    6.387385e-04    1.649216e-04    8.246078e-04
1.371040e+10    9.335676e-02    4.575612e+19    1.275625e-04    6.378123e-04    1.646824e-04    8.234122e-04
1.374210e+10    9.335158e-02    4.562569e+19    1.273805e-04    6.369026e-04    1.644475e-04    8.222377e-04
1.377380e+10    9.334641e-02    4.549348e+19    1.271958e-04    6.359792e-04    1.642091e-04    8.210456e-04
1.380550e+10    9.334138e-02    4.536484e+19    1.270159e-04    6.350794e-04    1.639768e-04    8.198840e-04
1.383720e+10    9.333621e-02    4.523443e+19    1.268332e-04    6.341659e-04    1.637409e-04    8.187046e-04
1.386890e+10    9.333118e-02    4.510652e+19    1.266537e-04    6.332686e-04    1.635093e-04    8.175463e-04
1.390060e+10    9.332615e-02    4.497686e+19    1.264716e-04    6.323578e-04    1.632741e-04    8.163704e-04
1.393220e+10    9.332112e-02    4.485071e+19    1.262941e-04    6.314704e-04    1.630450e-04    8.152248e-04
1.396390e+10    9.331609e-02    4.472384e+19    1.261153e-04    6.305766e-04    1.628142e-04    8.140709e-04
1.399560e+10    9.331107e-02    4.459738e+19    1.259369e-04    6.296845e-04    1.625838e-04    8.129192e-04
1.402730e+10    9.330603e-02    4.447122e+19    1.257586e-04    6.287932e-04    1.623537e-04    8.117686e-04
1.405900e+10    9.330100e-02    4.434650e+19    1.255822e-04    6.279109e-04    1.621259e-04    8.106294e-04
1.409070e+10    9.329598e-02    4.422208e+19    1.254059e-04    6.270293e-04    1.618983e-04    8.094914e-04
1.412240e+10    9.329109e-02    4.409805e+19    1.252299e-04    6.261495e-04    1.616711e-04    8.083555e-04
1.415410e+10    9.328606e-02    4.397432e+19    1.250541e-04    6.252704e-04    1.614441e-04    8.072206e-04
1.418580e+10    9.328118e-02    4.385200e+19    1.248800e-04    6.244002e-04    1.612194e-04    8.060972e-04
1.421740e+10    9.327629e-02    4.372896e+19    1.247047e-04    6.235236e-04    1.609931e-04    8.049655e-04
1.424910e+10    9.327141e-02    4.360732e+19    1.245312e-04    6.226558e-04    1.607690e-04    8.038452e-04
1.428080e+10    9.326652e-02    4.348598e+19    1.243578e-04    6.217888e-04    1.605452e-04    8.027260e-04
1.431250e+10    9.326164e-02    4.336601e+19    1.241861e-04    6.209306e-04    1.603236e-04    8.016180e-04
1.434420e+10    9.325675e-02    4.324534e+19    1.240132e-04    6.200661e-04    1.601004e-04    8.005019e-04
1.437590e+10    9.325187e-02    4.312599e+19    1.238420e-04    6.192099e-04    1.598793e-04    7.993965e-04
1.440760e+10    9.324713e-02    4.300702e+19    1.236710e-04    6.183552e-04    1.596586e-04    7.982931e-04
1.443930e+10    9.324224e-02    4.288932e+19    1.235017e-04    6.175085e-04    1.594400e-04    7.972000e-04
1.447090e+10    9.323750e-02    4.277101e+19    1.233312e-04    6.166561e-04    1.592199e-04    7.960996e-04
1.450260e+10    9.323262e-02    4.265395e+19    1.231623e-04    6.158117e-04    1.590019e-04    7.950095e-04
1.453430e+10    9.322787e-02    4.253722e+19    1.229937e-04    6.149685e-04    1.587842e-04    7.939209e-04
1.456600e+10    9.322314e-02    4.242085e+19    1.228254e-04    6.141267e-04    1.585669e-04    7.928342e-04
1.459770e+10    9.321839e-02    4.230476e+19    1.226572e-04    6.132858e-04    1.583497e-04    7.917486e-04
1.462940e+10    9.321365e-02    4.219000e+19    1.224907e-04    6.124534e-04    1.581348e-04    7.906740e-04
1.466110e+10    9.320891e-02    4.207453e+19    1.223230e-04    6.116148e-04    1.579183e-04    7.895913e-04
1.469280e+10    9.320431e-02    4.196132e+19    1.221583e-04    6.107914e-04    1.577057e-04    7.885283e-04
1.472450e+10    9.319957e-02    4.184750e+19    1.219925e-04    6.099624e-04    1.574916e-04    7.874580e-04
1.475610e+10    9.319483e-02    4.173490e+19    1.218282e-04    6.091412e-04    1.572796e-04    7.863979e-04
1.478780e+10    9.319023e-02    4.162164e+19    1.216628e-04    6.083141e-04    1.570660e-04    7.853301e-04
1.481950e+10    9.318563e-02    4.150969e+19    1.214991e-04    6.074955e-04    1.568547e-04    7.842733e-04
1.485120e+10    9.318089e-02    4.139799e+19    1.213355e-04    6.066776e-04    1.566435e-04    7.832174e-04
1.488290e+10    9.317629e-02    4.128660e+19    1.211722e-04    6.058608e-04    1.564326e-04    7.821630e-04
1.491460e+10    9.317169e-02    4.117650e+19    1.210105e-04    6.050525e-04    1.562239e-04    7.811194e-04
1.494630e+10    9.316710e-02    4.106666e+19    1.208490e-04    6.042449e-04    1.560154e-04    7.800768e-04
1.497800e+10    9.316250e-02    4.095616e+19    1.206863e-04    6.034314e-04    1.558053e-04    7.790266e-04
1.500960e+10    9.315790e-02    4.084783e+19    1.205266e-04    6.026329e-04    1.555991e-04    7.779957e-04
