1.584400e+03    1.147533e+00    1.818525e+25    8.041887e-02    4.020943e-01    1.038203e-01    5.191016e-01
3.168810e+03    1.144866e+00    1.810837e+25    8.024869e-02    4.012435e-01    1.036006e-01    5.180031e-01
4.753210e+03    1.142224e+00    1.803223e+25    8.007980e-02    4.003990e-01    1.033826e-01    5.169129e-01
6.337620e+03    1.139606e+00    1.795681e+25    7.991217e-02    3.995609e-01    1.031662e-01    5.158309e-01
7.922020e+03    1.137012e+00    1.788254e+25    7.974674e-02    3.987337e-01    1.029526e-01    5.147630e-01
9.823310e+03    1.133930e+00    1.779464e+25    7.955050e-02    3.977525e-01    1.026993e-01    5.134963e-01
1.210480e+04    1.130279e+00    1.769047e+25    7.931730e-02    3.965865e-01    1.023982e-01    5.119910e-01
1.484270e+04    1.125960e+00    1.756788e+25    7.904201e-02    3.952100e-01    1.020428e-01    5.102140e-01
1.812810e+04    1.120868e+00    1.742406e+25    7.871780e-02    3.935890e-01    1.016242e-01    5.081212e-01
2.207060e+04    1.114882e+00    1.725557e+25    7.833628e-02    3.916814e-01    1.011317e-01    5.056585e-01
2.680160e+04    1.107872e+00    1.706001e+25    7.789112e-02    3.894556e-01    1.005570e-01    5.027850e-01
3.247880e+04    1.099697e+00    1.683330e+25    7.737185e-02    3.868592e-01    9.988663e-02    4.994331e-01
3.929150e+04    1.090208e+00    1.657255e+25    7.677025e-02    3.838512e-01    9.910997e-02    4.955498e-01
4.736780e+04    1.079384e+00    1.627794e+25    7.608481e-02    3.804241e-01    9.822507e-02    4.911253e-01
5.567280e+04    1.068681e+00    1.599003e+25    7.540896e-02    3.770448e-01    9.735255e-02    4.867627e-01
6.421200e+04    1.058098e+00    1.570830e+25    7.474170e-02    3.737085e-01    9.649112e-02    4.824556e-01
7.299130e+04    1.047632e+00    1.543261e+25    7.408290e-02    3.704145e-01    9.564061e-02    4.782031e-01
8.201680e+04    1.037283e+00    1.516279e+25    7.343244e-02    3.671622e-01    9.480087e-02    4.740044e-01
9.129440e+04    1.027046e+00    1.489907e+25    7.279105e-02    3.639552e-01    9.397284e-02    4.698642e-01
1.008300e+05    1.016921e+00    1.464095e+25    7.215774e-02    3.607887e-01    9.315525e-02    4.657762e-01
1.106310e+05    1.006905e+00    1.438829e+25    7.153242e-02    3.576621e-01    9.234796e-02    4.617398e-01
1.207030e+05    9.969957e-01    1.414097e+25    7.091497e-02    3.545749e-01    9.155084e-02    4.577542e-01
1.310530e+05    9.871897e-01    1.389886e+25    7.030529e-02    3.515264e-01    9.076373e-02    4.538187e-01
1.416880e+05    9.774856e-01    1.366184e+25    6.970324e-02    3.485162e-01    8.998650e-02    4.499325e-01
1.526150e+05    9.678807e-01    1.342979e+25    6.910873e-02    3.455437e-01    8.921899e-02    4.460949e-01
1.638410e+05    9.583736e-01    1.320259e+25    6.852167e-02    3.426084e-01    8.846110e-02    4.423055e-01
1.753730e+05    9.489612e-01    1.298014e+25    6.794194e-02    3.397097e-01    8.771267e-02    4.385634e-01
1.872200e+05    9.396437e-01    1.276261e+25    6.737022e-02    3.368511e-01    8.697458e-02    4.348729e-01
1.993880e+05    9.304181e-01    1.254900e+25    6.680407e-02    3.340204e-01    8.624369e-02    4.312184e-01
2.118850e+05    9.212845e-01    1.234040e+25    6.624650e-02    3.312325e-01    8.552387e-02    4.276193e-01
2.247200e+05    9.122428e-01    1.213583e+25    6.569510e-02    3.284755e-01    8.481201e-02    4.240600e-01
2.379010e+05    9.032888e-01    1.193574e+25    6.515128e-02    3.257564e-01    8.410994e-02    4.205497e-01
2.514350e+05    8.944253e-01    1.174003e+25    6.461494e-02    3.230747e-01    8.341753e-02    4.170877e-01
2.653320e+05    8.856494e-01    1.154833e+25    6.408523e-02    3.204261e-01    8.273368e-02    4.136684e-01
2.795990e+05    8.769598e-01    1.136081e+25    6.356279e-02    3.178139e-01    8.205921e-02    4.102960e-01
2.942450e+05    8.683578e-01    1.117762e+25    6.304824e-02    3.152412e-01    8.139493e-02    4.069746e-01
3.092790e+05    8.598405e-01    1.099840e+25    6.254073e-02    3.127037e-01    8.073974e-02    4.036987e-01
3.247090e+05    8.514080e-01    1.082329e+25    6.204088e-02    3.102044e-01    8.009443e-02    4.004722e-01
3.405440e+05    8.430603e-01    1.065195e+25    6.154786e-02    3.077393e-01    7.945795e-02    3.972897e-01
3.567930e+05    8.347974e-01    1.048502e+25    6.106368e-02    3.053184e-01    7.883287e-02    3.941643e-01
3.734640e+05    8.266192e-01    1.032213e+25    6.058749e-02    3.029375e-01    7.821812e-02    3.910906e-01
3.905660e+05    8.185273e-01    1.016317e+25    6.011916e-02    3.005958e-01    7.761351e-02    3.880675e-01
4.081070e+05    8.105215e-01    1.000851e+25    5.965996e-02    2.982998e-01    7.702068e-02    3.851034e-01
4.260950e+05    8.025977e-01    9.857783e+24    5.920903e-02    2.960451e-01    7.643853e-02    3.821926e-01
4.445380e+05    7.947601e-01    9.711118e+24    5.876692e-02    2.938346e-01    7.586777e-02    3.793388e-01
4.634440e+05    7.870057e-01    9.568621e+24    5.833417e-02    2.916708e-01    7.530908e-02    3.765454e-01
4.828210e+05    7.793391e-01    9.430166e+24    5.791059e-02    2.895529e-01    7.476225e-02    3.738112e-01
5.026760e+05    7.716451e-01    9.427125e+24    5.790125e-02    2.895063e-01    7.475019e-02    3.737510e-01
5.227360e+05    7.639756e-01    9.501655e+24    5.812968e-02    2.906484e-01    7.504510e-02    3.752255e-01
5.428380e+05    7.563865e-01    9.591119e+24    5.840270e-02    2.920135e-01    7.539757e-02    3.769878e-01
5.629520e+05    7.488750e-01    9.697043e+24    5.872432e-02    2.936216e-01    7.581277e-02    3.790638e-01
5.830460e+05    7.414411e-01    9.820855e+24    5.909802e-02    2.954901e-01    7.629522e-02    3.814761e-01
6.030850e+05    7.342069e-01    9.802329e+24    5.904226e-02    2.952113e-01    7.622323e-02    3.811161e-01
6.233600e+05    7.271279e-01    9.695478e+24    5.871958e-02    2.935979e-01    7.580665e-02    3.790332e-01
6.440590e+05    7.201408e-01    9.590898e+24    5.840203e-02    2.920102e-01    7.539670e-02    3.769835e-01
6.651860e+05    7.132428e-01    9.488100e+24    5.808820e-02    2.904410e-01    7.499155e-02    3.749577e-01
6.867480e+05    7.064411e-01    9.387269e+24    5.777872e-02    2.888936e-01    7.459201e-02    3.729600e-01
7.087520e+05    6.997385e-01    9.288580e+24    5.747421e-02    2.873710e-01    7.419888e-02    3.709944e-01
7.312030e+05    6.931408e-01    9.192196e+24    5.717523e-02    2.858762e-01    7.381291e-02    3.690645e-01
7.541050e+05    6.866523e-01    9.097860e+24    5.688109e-02    2.844055e-01    7.343318e-02    3.671659e-01
7.774640e+05    6.802773e-01    9.005944e+24    5.659303e-02    2.829651e-01    7.306129e-02    3.653064e-01
8.012810e+05    6.740244e-01    8.916395e+24    5.631096e-02    2.815548e-01    7.269714e-02    3.634857e-01
8.255620e+05    6.679009e-01    8.829360e+24    5.603546e-02    2.801773e-01    7.234147e-02    3.617073e-01
8.503060e+05    6.619138e-01    8.744788e+24    5.576644e-02    2.788322e-01    7.199417e-02    3.599709e-01
8.755150e+05    6.560862e-01    8.642896e+24    5.544060e-02    2.772030e-01    7.157351e-02    3.578676e-01
9.012490e+05    6.504411e-01    8.505099e+24    5.499687e-02    2.749844e-01    7.100066e-02    3.550033e-01
9.276260e+05    6.449669e-01    8.372772e+24    5.456736e-02    2.728368e-01    7.044616e-02    3.522308e-01
9.546470e+05    6.396753e-01    8.245924e+24    5.415243e-02    2.707622e-01    6.991049e-02    3.495525e-01
9.823110e+05    6.345790e-01    8.124737e+24    5.375303e-02    2.687652e-01    6.939487e-02    3.469743e-01
1.010610e+06    6.296839e-01    8.009388e+24    5.337009e-02    2.668505e-01    6.890050e-02    3.445025e-01
1.039550e+06    6.250072e-01    7.899858e+24    5.300392e-02    2.650196e-01    6.842776e-02    3.421388e-01
1.069100e+06    6.205575e-01    7.796493e+24    5.265601e-02    2.632800e-01    6.797862e-02    3.398931e-01
1.099260e+06    6.163462e-01    7.699443e+24    5.232726e-02    2.616363e-01    6.755420e-02    3.377710e-01
1.130010e+06    6.123721e-01    7.608330e+24    5.201672e-02    2.600836e-01    6.715330e-02    3.357665e-01
1.161330e+06    6.086465e-01    7.523488e+24    5.172588e-02    2.586294e-01    6.677783e-02    3.338892e-01
1.193190e+06    6.051695e-01    7.445078e+24    5.145563e-02    2.572782e-01    6.642894e-02    3.321447e-01
1.225580e+06    6.019368e-01    7.372237e+24    5.120330e-02    2.560165e-01    6.610318e-02    3.305159e-01
1.258460e+06    5.989468e-01    7.305489e+24    5.097098e-02    2.548549e-01    6.580325e-02    3.290163e-01
1.291810e+06    5.961896e-01    7.244180e+24    5.075665e-02    2.537832e-01    6.552655e-02    3.276327e-01
1.325600e+06    5.936595e-01    7.188020e+24    5.055952e-02    2.527976e-01    6.527206e-02    3.263603e-01
1.359790e+06    5.913419e-01    7.136894e+24    5.037940e-02    2.518970e-01    6.503952e-02    3.251976e-01
1.394370e+06    5.892270e-01    7.090538e+24    5.021552e-02    2.510776e-01    6.482795e-02    3.241398e-01
1.429300e+06    5.872945e-01    7.048217e+24    5.006543e-02    2.503271e-01    6.463419e-02    3.231710e-01
1.464550e+06    5.855301e-01    7.009858e+24    4.992901e-02    2.496450e-01    6.445807e-02    3.222904e-01
1.500100e+06    5.839253e-01    6.974921e+24    4.980443e-02    2.490221e-01    6.429724e-02    3.214862e-01
1.535930e+06    5.824583e-01    6.943033e+24    4.969045e-02    2.484523e-01    6.415010e-02    3.207505e-01
1.572010e+06    5.811149e-01    6.913998e+24    4.958644e-02    2.479322e-01    6.401582e-02    3.200791e-01
1.615310e+06    5.796839e-01    6.883023e+24    4.947524e-02    2.473762e-01    6.387226e-02    3.193613e-01
1.667270e+06    5.781753e-01    6.850611e+24    4.935862e-02    2.467931e-01    6.372170e-02    3.186085e-01
1.729620e+06    5.766063e-01    6.816937e+24    4.923715e-02    2.461858e-01    6.356489e-02    3.178245e-01
1.804440e+06    5.749899e-01    6.782178e+24    4.911147e-02    2.455573e-01    6.340263e-02    3.170132e-01
1.894220e+06    5.733448e-01    6.746977e+24    4.898385e-02    2.449193e-01    6.323788e-02    3.161894e-01
2.000590e+06    5.716581e-01    6.711032e+24    4.885319e-02    2.442660e-01    6.306920e-02    3.153460e-01
2.102570e+06    5.701380e-01    6.678812e+24    4.873578e-02    2.436789e-01    6.291762e-02    3.145881e-01
2.200730e+06    5.687371e-01    6.649046e+24    4.862706e-02    2.431353e-01    6.277726e-02    3.138863e-01
2.295490e+06    5.674038e-01    6.620782e+24    4.852360e-02    2.426180e-01    6.264369e-02    3.132185e-01
2.387130e+06    5.661164e-01    6.593549e+24    4.842370e-02    2.421185e-01    6.251473e-02    3.125736e-01
2.475830e+06    5.648592e-01    6.567034e+24    4.832624e-02    2.416312e-01    6.238890e-02    3.119445e-01
2.561760e+06    5.636351e-01    6.541378e+24    4.823174e-02    2.411587e-01    6.226691e-02    3.113345e-01
2.645070e+06    5.624267e-01    6.515974e+24    4.813799e-02    2.406900e-01    6.214588e-02    3.107294e-01
2.725860e+06    5.612299e-01    6.490817e+24    4.804498e-02    2.402249e-01    6.202580e-02    3.101290e-01
2.804220e+06    5.600417e-01    6.466054e+24    4.795324e-02    2.397662e-01    6.190737e-02    3.095368e-01
2.880260e+06    5.588678e-01    6.441533e+24    4.786223e-02    2.393112e-01    6.178987e-02    3.089494e-01
2.954040e+06    5.576997e-01    6.417107e+24    4.777140e-02    2.388570e-01    6.167261e-02    3.083630e-01
3.025660e+06    5.565374e-01    6.392921e+24    4.768129e-02    2.384064e-01    6.155628e-02    3.077814e-01
3.095180e+06    5.553851e-01    6.368970e+24    4.759189e-02    2.379594e-01    6.144086e-02    3.072043e-01
3.162680e+06    5.542371e-01    6.345258e+24    4.750321e-02    2.375161e-01    6.132638e-02    3.066319e-01
3.228220e+06    5.530948e-01    6.321632e+24    4.741469e-02    2.370734e-01    6.121210e-02    3.060605e-01
3.291850e+06    5.519612e-01    6.298096e+24    4.732634e-02    2.366317e-01    6.109805e-02    3.054902e-01
3.353660e+06    5.508319e-01    6.274935e+24    4.723924e-02    2.361962e-01    6.098560e-02    3.049280e-01
3.413690e+06    5.497083e-01    6.251716e+24    4.715176e-02    2.357588e-01    6.087267e-02    3.043633e-01
3.472000e+06    5.485891e-01    6.228727e+24    4.706499e-02    2.353249e-01    6.076064e-02    3.038032e-01
3.528650e+06    5.474756e-01    6.205822e+24    4.697837e-02    2.348919e-01    6.064882e-02    3.032441e-01
3.583680e+06    5.463721e-01    6.183285e+24    4.689299e-02    2.344650e-01    6.053860e-02    3.026930e-01
3.637160e+06    5.452744e-01    6.160831e+24    4.680777e-02    2.340389e-01    6.042857e-02    3.021429e-01
3.689130e+06    5.441825e-01    6.138599e+24    4.672324e-02    2.336162e-01    6.031945e-02    3.015972e-01
3.739640e+06    5.430948e-01    6.116307e+24    4.663833e-02    2.331916e-01    6.020982e-02    3.010491e-01
3.788740e+06    5.420129e-01    6.094377e+24    4.655464e-02    2.327732e-01    6.010178e-02    3.005089e-01
3.836470e+06    5.409368e-01    6.072524e+24    4.647110e-02    2.323555e-01    5.999393e-02    2.999696e-01
3.882880e+06    5.398707e-01    6.050890e+24    4.638825e-02    2.319412e-01    5.988697e-02    2.994348e-01
3.928000e+06    5.388103e-01    6.029334e+24    4.630554e-02    2.315277e-01    5.978020e-02    2.989010e-01
3.971880e+06    5.377557e-01    6.007991e+24    4.622351e-02    2.311176e-01    5.967430e-02    2.983715e-01
4.014570e+06    5.367083e-01    5.986863e+24    4.614217e-02    2.307108e-01    5.956928e-02    2.978464e-01
4.056090e+06    5.356652e-01    5.965808e+24    4.606096e-02    2.303048e-01    5.946444e-02    2.973222e-01
4.096480e+06    5.346308e-01    5.944827e+24    4.597989e-02    2.298995e-01    5.935978e-02    2.967989e-01
4.135790e+06    5.336035e-01    5.924195e+24    4.590003e-02    2.295002e-01    5.925669e-02    2.962834e-01
4.174040e+06    5.325848e-01    5.903768e+24    4.582083e-02    2.291042e-01    5.915444e-02    2.957722e-01
4.211270e+06    5.315704e-01    5.883413e+24    4.574177e-02    2.287088e-01    5.905237e-02    2.952618e-01
4.247510e+06    5.305646e-01    5.863262e+24    4.566337e-02    2.283168e-01    5.895116e-02    2.947558e-01
4.282800e+06    5.295647e-01    5.843181e+24    4.558511e-02    2.279255e-01    5.885012e-02    2.942506e-01
4.317150e+06    5.285718e-01    5.823302e+24    4.550750e-02    2.275375e-01    5.874993e-02    2.937496e-01
4.350610e+06    5.275862e-01    5.803757e+24    4.543107e-02    2.271553e-01    5.865125e-02    2.932563e-01
4.383210e+06    5.266092e-01    5.784280e+24    4.535477e-02    2.267738e-01    5.855275e-02    2.927638e-01
4.414960e+06    5.256394e-01    5.764999e+24    4.527912e-02    2.263956e-01    5.845509e-02    2.922754e-01
4.445900e+06    5.246767e-01    5.745784e+24    4.520359e-02    2.260180e-01    5.835759e-02    2.917879e-01
4.476050e+06    5.237213e-01    5.726764e+24    4.512871e-02    2.256436e-01    5.826092e-02    2.913046e-01
4.505430e+06    5.227730e-01    5.707939e+24    4.505448e-02    2.252724e-01    5.816508e-02    2.908254e-01
4.534080e+06    5.218333e-01    5.689306e+24    4.498088e-02    2.249044e-01    5.807007e-02    2.903503e-01
4.562010e+06    5.209009e-01    5.670865e+24    4.490792e-02    2.245396e-01    5.797588e-02    2.898794e-01
4.589240e+06    5.199755e-01    5.652614e+24    4.483560e-02    2.241780e-01    5.788251e-02    2.894125e-01
4.615810e+06    5.190589e-01    5.634551e+24    4.476391e-02    2.238195e-01    5.778996e-02    2.889498e-01
4.641730e+06    5.181480e-01    5.616545e+24    4.469232e-02    2.234616e-01    5.769754e-02    2.884877e-01
4.667010e+06    5.172457e-01    5.598468e+24    4.462034e-02    2.231017e-01    5.760462e-02    2.880231e-01
4.691690e+06    5.163520e-01    5.580579e+24    4.454900e-02    2.227450e-01    5.751251e-02    2.875625e-01
4.715770e+06    5.154655e-01    5.562875e+24    4.447828e-02    2.223914e-01    5.742121e-02    2.871061e-01
4.739280e+06    5.145862e-01    5.545227e+24    4.440767e-02    2.220383e-01    5.733005e-02    2.866503e-01
4.762230e+06    5.137155e-01    5.527888e+24    4.433819e-02    2.216909e-01    5.724036e-02    2.862018e-01
4.784650e+06    5.128520e-01    5.510733e+24    4.426933e-02    2.213467e-01    5.715146e-02    2.857573e-01
4.806550e+06    5.119971e-01    5.493755e+24    4.420109e-02    2.210054e-01    5.706336e-02    2.853168e-01
4.827940e+06    5.111494e-01    5.476830e+24    4.413295e-02    2.206647e-01    5.697539e-02    2.848770e-01
4.848840e+06    5.103103e-01    5.460209e+24    4.406593e-02    2.203296e-01    5.688887e-02    2.844444e-01
4.869270e+06    5.094784e-01    5.443764e+24    4.399952e-02    2.199976e-01    5.680314e-02    2.840157e-01
4.889230e+06    5.086538e-01    5.427368e+24    4.393321e-02    2.196661e-01    5.671753e-02    2.835877e-01
4.908750e+06    5.078376e-01    5.411271e+24    4.386801e-02    2.193401e-01    5.663336e-02    2.831668e-01
4.927840e+06    5.070287e-01    5.395345e+24    4.380341e-02    2.190170e-01    5.654996e-02    2.827498e-01
4.946510e+06    5.062285e-01    5.379468e+24    4.373891e-02    2.186945e-01    5.646669e-02    2.823334e-01
4.964770e+06    5.054353e-01    5.363882e+24    4.367551e-02    2.183775e-01    5.638484e-02    2.819242e-01
4.982640e+06    5.046495e-01    5.348344e+24    4.361220e-02    2.180610e-01    5.630311e-02    2.815155e-01
5.000120e+06    5.038707e-01    5.333095e+24    4.354998e-02    2.177499e-01    5.622278e-02    2.811139e-01
5.017240e+06    5.031006e-01    5.317890e+24    4.348785e-02    2.174393e-01    5.614258e-02    2.807129e-01
5.033990e+06    5.023376e-01    5.302972e+24    4.342681e-02    2.171341e-01    5.606378e-02    2.803189e-01
5.050400e+06    5.015833e-01    5.288216e+24    4.336636e-02    2.168318e-01    5.598572e-02    2.799286e-01
5.066460e+06    5.008362e-01    5.273504e+24    4.330599e-02    2.165299e-01    5.590779e-02    2.795390e-01
5.082190e+06    5.000948e-01    5.259074e+24    4.324670e-02    2.162335e-01    5.583125e-02    2.791562e-01
5.097610e+06    4.993635e-01    5.244683e+24    4.318749e-02    2.159374e-01    5.575481e-02    2.787740e-01
5.112710e+06    4.986379e-01    5.230574e+24    4.312936e-02    2.156468e-01    5.567976e-02    2.783988e-01
5.127520e+06    4.979195e-01    5.216621e+24    4.307179e-02    2.153590e-01    5.560545e-02    2.780272e-01
5.142030e+06    4.972098e-01    5.202706e+24    4.301431e-02    2.150715e-01    5.553123e-02    2.776562e-01
5.156260e+06    4.965058e-01    5.189067e+24    4.295789e-02    2.147894e-01    5.545840e-02    2.772920e-01
5.170210e+06    4.958103e-01    5.175583e+24    4.290204e-02    2.145102e-01    5.538630e-02    2.769315e-01
5.183890e+06    4.951221e-01    5.162134e+24    4.284626e-02    2.142313e-01    5.531429e-02    2.765714e-01
5.197310e+06    4.944396e-01    5.148958e+24    4.279155e-02    2.139577e-01    5.524365e-02    2.762182e-01
5.210480e+06    4.937658e-01    5.135932e+24    4.273739e-02    2.136869e-01    5.517373e-02    2.758686e-01
5.223400e+06    4.930991e-01    5.122941e+24    4.268330e-02    2.134165e-01    5.510390e-02    2.755195e-01
5.236090e+06    4.924382e-01    5.110216e+24    4.263026e-02    2.131513e-01    5.503543e-02    2.751771e-01
5.248540e+06    4.917859e-01    5.097524e+24    4.257728e-02    2.128864e-01    5.496704e-02    2.748352e-01
5.260760e+06    4.911393e-01    5.085097e+24    4.252536e-02    2.126268e-01    5.490000e-02    2.745000e-01
5.272770e+06    4.905000e-01    5.072817e+24    4.247398e-02    2.123699e-01    5.483367e-02    2.741684e-01
5.284560e+06    4.898664e-01    5.060568e+24    4.242266e-02    2.121133e-01    5.476743e-02    2.738371e-01
5.296140e+06    4.892414e-01    5.048581e+24    4.237239e-02    2.118619e-01    5.470252e-02    2.735126e-01
5.307520e+06    4.886221e-01    5.036622e+24    4.232217e-02    2.116109e-01    5.463769e-02    2.731885e-01
5.318710e+06    4.880101e-01    5.024921e+24    4.227299e-02    2.113649e-01    5.457419e-02    2.728710e-01
5.329700e+06    4.874037e-01    5.013250e+24    4.222386e-02    2.111193e-01    5.451077e-02    2.725539e-01
5.340510e+06    4.868046e-01    5.001719e+24    4.217528e-02    2.108764e-01    5.444805e-02    2.722403e-01
5.351130e+06    4.862112e-01    4.990445e+24    4.212772e-02    2.106386e-01    5.438665e-02    2.719333e-01
5.361580e+06    4.856250e-01    4.979196e+24    4.208021e-02    2.104011e-01    5.432532e-02    2.716266e-01
5.371860e+06    4.850446e-01    4.968087e+24    4.203325e-02    2.101662e-01    5.426469e-02    2.713234e-01
5.381970e+06    4.844713e-01    4.957118e+24    4.198682e-02    2.099341e-01    5.420475e-02    2.710237e-01
5.391910e+06    4.839037e-01    4.946286e+24    4.194092e-02    2.097046e-01    5.414549e-02    2.707275e-01
5.401700e+06    4.833420e-01    4.935479e+24    4.189507e-02    2.094754e-01    5.408631e-02    2.704315e-01
5.411330e+06    4.827859e-01    4.924921e+24    4.185024e-02    2.092512e-01    5.402843e-02    2.701422e-01
5.420810e+06    4.822371e-01    4.914499e+24    4.180594e-02    2.090297e-01    5.397123e-02    2.698562e-01
5.430150e+06    4.816939e-01    4.904100e+24    4.176168e-02    2.088084e-01    5.391410e-02    2.695705e-01
5.439340e+06    4.811566e-01    4.893947e+24    4.171843e-02    2.085922e-01    5.385826e-02    2.692913e-01
5.448390e+06    4.806250e-01    4.883816e+24    4.167522e-02    2.083761e-01    5.380248e-02    2.690124e-01
5.457300e+06    4.800991e-01    4.873817e+24    4.163254e-02    2.081627e-01    5.374738e-02    2.687369e-01
5.466090e+06    4.795790e-01    4.863952e+24    4.159039e-02    2.079519e-01    5.369296e-02    2.684648e-01
5.474740e+06    4.790661e-01    4.854218e+24    4.154875e-02    2.077437e-01    5.363921e-02    2.681960e-01
5.483270e+06    4.785575e-01    4.844615e+24    4.150763e-02    2.075382e-01    5.358612e-02    2.679306e-01
5.491670e+06    4.780532e-01    4.835031e+24    4.146656e-02    2.073328e-01    5.353309e-02    2.676655e-01
5.499960e+06    4.775560e-01    4.825688e+24    4.142647e-02    2.071323e-01    5.348134e-02    2.674067e-01
5.508120e+06    4.770632e-01    4.816364e+24    4.138643e-02    2.069321e-01    5.342965e-02    2.671482e-01
5.516170e+06    4.765762e-01    4.807167e+24    4.134690e-02    2.067345e-01    5.337862e-02    2.668931e-01
5.524120e+06    4.760948e-01    4.798100e+24    4.130789e-02    2.065394e-01    5.332825e-02    2.666413e-01
5.531950e+06    4.756192e-01    4.789049e+24    4.126891e-02    2.063445e-01    5.327793e-02    2.663896e-01
5.539670e+06    4.751480e-01    4.780235e+24    4.123091e-02    2.061546e-01    5.322888e-02    2.661444e-01
5.547290e+06    4.746810e-01    4.771438e+24    4.119295e-02    2.059648e-01    5.317988e-02    2.658994e-01
5.554810e+06    4.742213e-01    4.762766e+24    4.115551e-02    2.057775e-01    5.313153e-02    2.656577e-01
5.562230e+06    4.737644e-01    4.754220e+24    4.111856e-02    2.055928e-01    5.308384e-02    2.654192e-01
5.569560e+06    4.733132e-01    4.745689e+24    4.108166e-02    2.054083e-01    5.303619e-02    2.651810e-01
5.576790e+06    4.728664e-01    4.737283e+24    4.104526e-02    2.052263e-01    5.298920e-02    2.649460e-01
5.583920e+06    4.724253e-01    4.728999e+24    4.100935e-02    2.050468e-01    5.294285e-02    2.647142e-01
5.590970e+06    4.719885e-01    4.720840e+24    4.097396e-02    2.048698e-01    5.289716e-02    2.644858e-01
5.597930e+06    4.715560e-01    4.712695e+24    4.093860e-02    2.046930e-01    5.285150e-02    2.642575e-01
5.604800e+06    4.711293e-01    4.704780e+24    4.090420e-02    2.045210e-01    5.280710e-02    2.640355e-01
5.611590e+06    4.707055e-01    4.696769e+24    4.086937e-02    2.043468e-01    5.276213e-02    2.638106e-01
5.618290e+06    4.702874e-01    4.688989e+24    4.083550e-02    2.041775e-01    5.271841e-02    2.635920e-01
5.624920e+06    4.698735e-01    4.681223e+24    4.080167e-02    2.040084e-01    5.267473e-02    2.633737e-01
5.631460e+06    4.694641e-01    4.673576e+24    4.076833e-02    2.038417e-01    5.263169e-02    2.631585e-01
5.637930e+06    4.690589e-01    4.666049e+24    4.073549e-02    2.036775e-01    5.258930e-02    2.629465e-01
5.644320e+06    4.686580e-01    4.658535e+24    4.070268e-02    2.035134e-01    5.254693e-02    2.627347e-01
5.650640e+06    4.682600e-01    4.651139e+24    4.067036e-02    2.033518e-01    5.250520e-02    2.625260e-01
5.656880e+06    4.678678e-01    4.643861e+24    4.063853e-02    2.031926e-01    5.246411e-02    2.623205e-01
5.663060e+06    4.674784e-01    4.636596e+24    4.060672e-02    2.030336e-01    5.242306e-02    2.621153e-01
5.669160e+06    4.670948e-01    4.629449e+24    4.057541e-02    2.028771e-01    5.238264e-02    2.619132e-01
5.675200e+06    4.667141e-01    4.622418e+24    4.054459e-02    2.027230e-01    5.234284e-02    2.617142e-01
5.681170e+06    4.663376e-01    4.615400e+24    4.051380e-02    2.025690e-01    5.230309e-02    2.615154e-01
5.687080e+06    4.659641e-01    4.608497e+24    4.048349e-02    2.024174e-01    5.226396e-02    2.613198e-01
5.692920e+06    4.655948e-01    4.601710e+24    4.045367e-02    2.022683e-01    5.222546e-02    2.611273e-01
5.698700e+06    4.652299e-01    4.594934e+24    4.042388e-02    2.021194e-01    5.218700e-02    2.609350e-01
5.704420e+06    4.648693e-01    4.588168e+24    4.039410e-02    2.019705e-01    5.214856e-02    2.607428e-01
5.710070e+06    4.645115e-01    4.581517e+24    4.036481e-02    2.018241e-01    5.211075e-02    2.605537e-01
5.715670e+06    4.641566e-01    4.574980e+24    4.033601e-02    2.016800e-01    5.207357e-02    2.603678e-01
5.721210e+06    4.638060e-01    4.568559e+24    4.030769e-02    2.015385e-01    5.203701e-02    2.601850e-01
5.726700e+06    4.634598e-01    4.562147e+24    4.027940e-02    2.013970e-01    5.200048e-02    2.600024e-01
5.732130e+06    4.631150e-01    4.555744e+24    4.025112e-02    2.012556e-01    5.196397e-02    2.598199e-01
5.737500e+06    4.627758e-01    4.549454e+24    4.022332e-02    2.011166e-01    5.192809e-02    2.596404e-01
5.742820e+06    4.624382e-01    4.543278e+24    4.019601e-02    2.009801e-01    5.189283e-02    2.594641e-01
5.748090e+06    4.621049e-01    4.537109e+24    4.016872e-02    2.008436e-01    5.185759e-02    2.592879e-01
5.753310e+06    4.617744e-01    4.531054e+24    4.014190e-02    2.007095e-01    5.182297e-02    2.591149e-01
5.758480e+06    4.614483e-01    4.525008e+24    4.011511e-02    2.005755e-01    5.178838e-02    2.589419e-01
5.763600e+06    4.611236e-01    4.519072e+24    4.008879e-02    2.004440e-01    5.175441e-02    2.587720e-01
5.768670e+06    4.608031e-01    4.513145e+24    4.006249e-02    2.003125e-01    5.172046e-02    2.586023e-01
5.773690e+06    4.604856e-01    4.507329e+24    4.003667e-02    2.001834e-01    5.168712e-02    2.584356e-01
5.778670e+06    4.601710e-01    4.501520e+24    4.001086e-02    2.000543e-01    5.165380e-02    2.582690e-01
5.783600e+06    4.598606e-01    4.495824e+24    3.998554e-02    1.999277e-01    5.162111e-02    2.581056e-01
5.788480e+06    4.595517e-01    4.490134e+24    3.996023e-02    1.998011e-01    5.158843e-02    2.579422e-01
5.793320e+06    4.592457e-01    4.484451e+24    3.993493e-02    1.996747e-01    5.155578e-02    2.577789e-01
5.798120e+06    4.589425e-01    4.478981e+24    3.991057e-02    1.995529e-01    5.152433e-02    2.576216e-01
5.802870e+06    4.586437e-01    4.473415e+24    3.988576e-02    1.994288e-01    5.149230e-02    2.574615e-01
5.807590e+06    4.583463e-01    4.467959e+24    3.986144e-02    1.993072e-01    5.146089e-02    2.573045e-01
5.812260e+06    4.580517e-01    4.462613e+24    3.983758e-02    1.991879e-01    5.143009e-02    2.571505e-01
5.816890e+06    4.577600e-01    4.457273e+24    3.981374e-02    1.990687e-01    5.139931e-02    2.569966e-01
5.821480e+06    4.574713e-01    4.451940e+24    3.978991e-02    1.989495e-01    5.136855e-02    2.568428e-01
5.826030e+06    4.571853e-01    4.446715e+24    3.976655e-02    1.988328e-01    5.133840e-02    2.566920e-01
5.830550e+06    4.569023e-01    4.441599e+24    3.974367e-02    1.987183e-01    5.130886e-02    2.565443e-01
5.835020e+06    4.566207e-01    4.436385e+24    3.972034e-02    1.986017e-01    5.127874e-02    2.563937e-01
5.839460e+06    4.563434e-01    4.431383e+24    3.969794e-02    1.984897e-01    5.124982e-02    2.562491e-01
5.843870e+06    4.560675e-01    4.426284e+24    3.967510e-02    1.983755e-01    5.122033e-02    2.561016e-01
5.848230e+06    4.557931e-01    4.421292e+24    3.965272e-02    1.982636e-01    5.119144e-02    2.559572e-01
5.852570e+06    4.555230e-01    4.416409e+24    3.963081e-02    1.981541e-01    5.116316e-02    2.558158e-01
5.856860e+06    4.552543e-01    4.411428e+24    3.960846e-02    1.980423e-01    5.113430e-02    2.556715e-01
5.861130e+06    4.549885e-01    4.406658e+24    3.958703e-02    1.979352e-01    5.110664e-02    2.555332e-01
5.865360e+06    4.547241e-01    4.401789e+24    3.956516e-02    1.978258e-01    5.107840e-02    2.553920e-01
5.869550e+06    4.544627e-01    4.397029e+24    3.954376e-02    1.977188e-01    5.105078e-02    2.552539e-01
5.873720e+06    4.542040e-01    4.392374e+24    3.952282e-02    1.976141e-01    5.102375e-02    2.551187e-01
5.877850e+06    4.539469e-01    4.387623e+24    3.950144e-02    1.975072e-01    5.099614e-02    2.549807e-01
5.881950e+06    4.536925e-01    4.382978e+24    3.948053e-02    1.974026e-01    5.096914e-02    2.548457e-01
5.886020e+06    4.534397e-01    4.378439e+24    3.946008e-02    1.973004e-01    5.094275e-02    2.547137e-01
5.890060e+06    4.531896e-01    4.373905e+24    3.943964e-02    1.971982e-01    5.091636e-02    2.545818e-01
5.894070e+06    4.529411e-01    4.369375e+24    3.941921e-02    1.970961e-01    5.088999e-02    2.544499e-01
5.898050e+06    4.526940e-01    4.364950e+24    3.939925e-02    1.969963e-01    5.086422e-02    2.543211e-01
5.902000e+06    4.524497e-01    4.360530e+24    3.937930e-02    1.968965e-01    5.083846e-02    2.541923e-01
5.905920e+06    4.522083e-01    4.356115e+24    3.935935e-02    1.967968e-01    5.081271e-02    2.540635e-01
5.910630e+06    4.519181e-01    4.350802e+24    3.933535e-02    1.966767e-01    5.078171e-02    2.539086e-01
5.916280e+06    4.515704e-01    4.344495e+24    3.930682e-02    1.965341e-01    5.074489e-02    2.537245e-01
5.923060e+06    4.511552e-01    4.336999e+24    3.927290e-02    1.963645e-01    5.070110e-02    2.535055e-01
5.931190e+06    4.506580e-01    4.328020e+24    3.923223e-02    1.961611e-01    5.064859e-02    2.532429e-01
5.940950e+06    4.500632e-01    4.317270e+24    3.918347e-02    1.959174e-01    5.058565e-02    2.529282e-01
5.952660e+06    4.493520e-01    4.304466e+24    3.912533e-02    1.956266e-01    5.051058e-02    2.525529e-01
5.966710e+06    4.485043e-01    4.289130e+24    3.905557e-02    1.952778e-01    5.042052e-02    2.521026e-01
5.983580e+06    4.474942e-01    4.270997e+24    3.897292e-02    1.948646e-01    5.031382e-02    2.515691e-01
6.003820e+06    4.462931e-01    4.249416e+24    3.887433e-02    1.943717e-01    5.018655e-02    2.509327e-01
6.028100e+06    4.448664e-01    4.223857e+24    3.875725e-02    1.937862e-01    5.003539e-02    2.501770e-01
6.057250e+06    4.431767e-01    4.193719e+24    3.861873e-02    1.930936e-01    4.985656e-02    2.492828e-01
6.092220e+06    4.411810e-01    4.158142e+24    3.845457e-02    1.922728e-01    4.964464e-02    2.482232e-01
6.134180e+06    4.388319e-01    4.116606e+24    3.826203e-02    1.913101e-01    4.939607e-02    2.469803e-01
6.184540e+06    4.360747e-01    4.067984e+24    3.803539e-02    1.901770e-01    4.910348e-02    2.455174e-01
6.244970e+06    4.328563e-01    4.011615e+24    3.777095e-02    1.888547e-01    4.876209e-02    2.438104e-01
6.317490e+06    4.291149e-01    3.946474e+24    3.746303e-02    1.873152e-01    4.836457e-02    2.418228e-01
6.403650e+06    4.248319e-01    3.872659e+24    3.711103e-02    1.855551e-01    4.791013e-02    2.395506e-01
6.492350e+06    4.205891e-01    3.800225e+24    3.676233e-02    1.838116e-01    4.745996e-02    2.372998e-01
6.583640e+06    4.163851e-01    3.729058e+24    3.641647e-02    1.820824e-01    4.701347e-02    2.350673e-01
6.677620e+06    4.122198e-01    3.659311e+24    3.607430e-02    1.803715e-01    4.657173e-02    2.328586e-01
6.774350e+06    4.080948e-01    3.590867e+24    3.573535e-02    1.786767e-01    4.613413e-02    2.306707e-01
6.873930e+06    4.040072e-01    3.523704e+24    3.539957e-02    1.769979e-01    4.570065e-02    2.285033e-01
6.976430e+06    3.999612e-01    3.457875e+24    3.506735e-02    1.753367e-01    4.527175e-02    2.263588e-01
7.081940e+06    3.959526e-01    3.393277e+24    3.473825e-02    1.736913e-01    4.484689e-02    2.242345e-01
7.190540e+06    3.919842e-01    3.329962e+24    3.441263e-02    1.720632e-01    4.442652e-02    2.221326e-01
7.302330e+06    3.880532e-01    3.267904e+24    3.409047e-02    1.704523e-01    4.401061e-02    2.200530e-01
7.417400e+06    3.841638e-01    3.207075e+24    3.377170e-02    1.688585e-01    4.359908e-02    2.179954e-01
7.535840e+06    3.803103e-01    3.147453e+24    3.345630e-02    1.672815e-01    4.319191e-02    2.159595e-01
7.657740e+06    3.764971e-01    3.088938e+24    3.314385e-02    1.657192e-01    4.278852e-02    2.139426e-01
7.783210e+06    3.727213e-01    3.031722e+24    3.283545e-02    1.641773e-01    4.239039e-02    2.119519e-01
7.912350e+06    3.689856e-01    2.973099e+24    3.251644e-02    1.625822e-01    4.197854e-02    2.098927e-01
8.045360e+06    3.652960e-01    2.909573e+24    3.216718e-02    1.608359e-01    4.152765e-02    2.076382e-01
8.182650e+06    3.616422e-01    2.847340e+24    3.182131e-02    1.591065e-01    4.108113e-02    2.054056e-01
8.324360e+06    3.580244e-01    2.786437e+24    3.147915e-02    1.573957e-01    4.063940e-02    2.031970e-01
8.470630e+06    3.544411e-01    2.726712e+24    3.113995e-02    1.556998e-01    4.020151e-02    2.010075e-01
8.621610e+06    3.508951e-01    2.668328e+24    3.080477e-02    1.540238e-01    3.976878e-02    1.988439e-01
8.777460e+06    3.473822e-01    2.611075e+24    3.047249e-02    1.523625e-01    3.933982e-02    1.966991e-01
8.938340e+06    3.439023e-01    2.554932e+24    3.014310e-02    1.507155e-01    3.891458e-02    1.945729e-01
9.104410e+06    3.404583e-01    2.499939e+24    2.981693e-02    1.490847e-01    3.849350e-02    1.924675e-01
9.275860e+06    3.370460e-01    2.445960e+24    2.949327e-02    1.474664e-01    3.807565e-02    1.903783e-01
9.452860e+06    3.336652e-01    2.393092e+24    2.917279e-02    1.458640e-01    3.766191e-02    1.883096e-01
9.635600e+06    3.303190e-01    2.341204e+24    2.885479e-02    1.442740e-01    3.725138e-02    1.862569e-01
9.824290e+06    3.270029e-01    2.290336e+24    2.853960e-02    1.426980e-01    3.684447e-02    1.842223e-01
1.001910e+07    3.237184e-01    2.240419e+24    2.822689e-02    1.411344e-01    3.644075e-02    1.822038e-01
1.022030e+07    3.204655e-01    2.191488e+24    2.791695e-02    1.395847e-01    3.604062e-02    1.802031e-01
1.042810e+07    3.172428e-01    2.143479e+24    2.760946e-02    1.380473e-01    3.564366e-02    1.782183e-01
1.064270e+07    3.140517e-01    2.096376e+24    2.730442e-02    1.365221e-01    3.524985e-02    1.762493e-01
1.086430e+07    3.108894e-01    2.050262e+24    2.700244e-02    1.350122e-01    3.485999e-02    1.743000e-01
1.109320e+07    3.077586e-01    2.005068e+24    2.670318e-02    1.335159e-01    3.447365e-02    1.723683e-01
1.132970e+07    3.046566e-01    1.960737e+24    2.640633e-02    1.320316e-01    3.409042e-02    1.704521e-01
1.157400e+07    3.015848e-01    1.917252e+24    2.611187e-02    1.305593e-01    3.371028e-02    1.685514e-01
1.182640e+07    2.985417e-01    1.874689e+24    2.582040e-02    1.291020e-01    3.333399e-02    1.666700e-01
1.208710e+07    2.955287e-01    1.832986e+24    2.553159e-02    1.276580e-01    3.296114e-02    1.648057e-01
1.235650e+07    2.925445e-01    1.792129e+24    2.524544e-02    1.262272e-01    3.259173e-02    1.629586e-01
1.263480e+07    2.895891e-01    1.751819e+24    2.495991e-02    1.247995e-01    3.222310e-02    1.611155e-01
1.292240e+07    2.866624e-01    1.712180e+24    2.467590e-02    1.233795e-01    3.185645e-02    1.592822e-01
1.321970e+07    2.837644e-01    1.673398e+24    2.439484e-02    1.219742e-01    3.149361e-02    1.574680e-01
1.352700e+07    2.808937e-01    1.635344e+24    2.411587e-02    1.205793e-01    3.113345e-02    1.556673e-01
1.384470e+07    2.780517e-01    1.598119e+24    2.383982e-02    1.191991e-01    3.077707e-02    1.538854e-01
1.417310e+07    2.752371e-01    1.561634e+24    2.356611e-02    1.178306e-01    3.042372e-02    1.521186e-01
1.451250e+07    2.724497e-01    1.525911e+24    2.329501e-02    1.164751e-01    3.007373e-02    1.503687e-01
1.486350e+07    2.696882e-01    1.490903e+24    2.302623e-02    1.151312e-01    2.972674e-02    1.486337e-01
1.522650e+07    2.669540e-01    1.456597e+24    2.275977e-02    1.137989e-01    2.938274e-02    1.469137e-01
1.560170e+07    2.642457e-01    1.422982e+24    2.249562e-02    1.124781e-01    2.904172e-02    1.452086e-01
1.598980e+07    2.615632e-01    1.390078e+24    2.223401e-02    1.111701e-01    2.870399e-02    1.435200e-01
1.639110e+07    2.589080e-01    1.357843e+24    2.197470e-02    1.098735e-01    2.836922e-02    1.418461e-01
1.680620e+07    2.562773e-01    1.326232e+24    2.171741e-02    1.085870e-01    2.803705e-02    1.401853e-01
1.723550e+07    2.536710e-01    1.295267e+24    2.146238e-02    1.073119e-01    2.770782e-02    1.385391e-01
1.767960e+07    2.510920e-01    1.264880e+24    2.120914e-02    1.060457e-01    2.738088e-02    1.369044e-01
1.813910e+07    2.485359e-01    1.235121e+24    2.095815e-02    1.047908e-01    2.705686e-02    1.352843e-01
1.861440e+07    2.460072e-01    1.205950e+24    2.070918e-02    1.035459e-01    2.673544e-02    1.336772e-01
1.910630e+07    2.435014e-01    1.177333e+24    2.046199e-02    1.023100e-01    2.641632e-02    1.320816e-01
1.961530e+07    2.410216e-01    1.149289e+24    2.021683e-02    1.010841e-01    2.609981e-02    1.304991e-01
2.014210e+07    2.385661e-01    1.121758e+24    1.997321e-02    9.986607e-02    2.578531e-02    1.289265e-01
2.068730e+07    2.361351e-01    1.094811e+24    1.973186e-02    9.865928e-02    2.547372e-02    1.273686e-01
2.125180e+07    2.337284e-01    1.068364e+24    1.949207e-02    9.746036e-02    2.516416e-02    1.258208e-01
2.183610e+07    2.313463e-01    1.042484e+24    1.925453e-02    9.627265e-02    2.485749e-02    1.242875e-01
2.244120e+07    2.289885e-01    1.017136e+24    1.901901e-02    9.509505e-02    2.455344e-02    1.227672e-01
2.306770e+07    2.266552e-01    9.923142e+23    1.878551e-02    9.392754e-02    2.425199e-02    1.212599e-01
2.371650e+07    2.243463e-01    9.680089e+23    1.855402e-02    9.277009e-02    2.395314e-02    1.197657e-01
2.438840e+07    2.220603e-01    9.442549e+23    1.832496e-02    9.162478e-02    2.365742e-02    1.182871e-01
2.508430e+07    2.197988e-01    9.210206e+23    1.809810e-02    9.049050e-02    2.336455e-02    1.168227e-01
2.580510e+07    2.175618e-01    8.983160e+23    1.787363e-02    8.936817e-02    2.307476e-02    1.153738e-01
2.655170e+07    2.153477e-01    8.760909e+23    1.765115e-02    8.825573e-02    2.278753e-02    1.139377e-01
2.732520e+07    2.131566e-01    8.543767e+23    1.743103e-02    8.715514e-02    2.250336e-02    1.125168e-01
2.812640e+07    2.109900e-01    8.331425e+23    1.721306e-02    8.606528e-02    2.222196e-02    1.111098e-01
2.895650e+07    2.088463e-01    8.123800e+23    1.699722e-02    8.498610e-02    2.194332e-02    1.097166e-01
2.981660e+07    2.067241e-01    7.922444e+23    1.678525e-02    8.392627e-02    2.166967e-02    1.083483e-01
3.070750e+07    2.046250e-01    7.726258e+23    1.657612e-02    8.288061e-02    2.139968e-02    1.069984e-01
3.163050e+07    2.025474e-01    7.534239e+23    1.636884e-02    8.184422e-02    2.113209e-02    1.056604e-01
3.258670e+07    2.004928e-01    7.345802e+23    1.616285e-02    8.081425e-02    2.086615e-02    1.043307e-01
3.357750e+07    1.984598e-01    7.161092e+23    1.595835e-02    7.979174e-02    2.060214e-02    1.030107e-01
3.460430e+07    1.964483e-01    6.979902e+23    1.575517e-02    7.877583e-02    2.033983e-02    1.016992e-01
3.566840e+07    1.944598e-01    6.798441e+23    1.554902e-02    7.774509e-02    2.007370e-02    1.003685e-01
3.677220e+07    1.924914e-01    6.620476e+23    1.534415e-02    7.672076e-02    1.980922e-02    9.904608e-02
3.791720e+07    1.905445e-01    6.445987e+23    1.514060e-02    7.570299e-02    1.954643e-02    9.773214e-02
3.910520e+07    1.886178e-01    6.274646e+23    1.493802e-02    7.469008e-02    1.928490e-02    9.642448e-02
4.033820e+07    1.867112e-01    6.106455e+23    1.473645e-02    7.368225e-02    1.902468e-02    9.512338e-02
4.161800e+07    1.848247e-01    5.941680e+23    1.453627e-02    7.268134e-02    1.876624e-02    9.383121e-02
4.294680e+07    1.829569e-01    5.779752e+23    1.433682e-02    7.168411e-02    1.850876e-02    9.254379e-02
4.432670e+07    1.811106e-01    5.620943e+23    1.413849e-02    7.069243e-02    1.825271e-02    9.126354e-02
4.576010e+07    1.792816e-01    5.465367e+23    1.394145e-02    6.970725e-02    1.799834e-02    8.999168e-02
4.724930e+07    1.774727e-01    5.312872e+23    1.374558e-02    6.872789e-02    1.774546e-02    8.872732e-02
4.879690e+07    1.756810e-01    5.163202e+23    1.355058e-02    6.775290e-02    1.749372e-02    8.746862e-02
5.040560e+07    1.739095e-01    5.016598e+23    1.335682e-02    6.678409e-02    1.724358e-02    8.621788e-02
5.207810e+07    1.721566e-01    4.873034e+23    1.316431e-02    6.582154e-02    1.699505e-02    8.497524e-02
5.381750e+07    1.704210e-01    4.732267e+23    1.297278e-02    6.486388e-02    1.674778e-02    8.373891e-02
5.562690e+07    1.687040e-01    4.594405e+23    1.278242e-02    6.391208e-02    1.650203e-02    8.251014e-02
5.750950e+07    1.670043e-01    4.459327e+23    1.259311e-02    6.296554e-02    1.625763e-02    8.128817e-02
5.946880e+07    1.653233e-01    4.326825e+23    1.240461e-02    6.202303e-02    1.601428e-02    8.007139e-02
6.150880e+07    1.636595e-01    4.196906e+23    1.221695e-02    6.108477e-02    1.577202e-02    7.886010e-02
6.363320e+07    1.620129e-01    4.069016e+23    1.202937e-02    6.014687e-02    1.552985e-02    7.764927e-02
6.584670e+07    1.603851e-01    3.942388e+23    1.184072e-02    5.920358e-02    1.528630e-02    7.643150e-02
6.815440e+07    1.587744e-01    3.818029e+23    1.165247e-02    5.826234e-02    1.504327e-02    7.521636e-02
7.056150e+07    1.571810e-01    3.696147e+23    1.146497e-02    5.732485e-02    1.480121e-02    7.400606e-02
7.307320e+07    1.556049e-01    3.576592e+23    1.127802e-02    5.639012e-02    1.455987e-02    7.279933e-02
7.569510e+07    1.540460e-01    3.459388e+23    1.109170e-02    5.545848e-02    1.431932e-02    7.159659e-02
7.843340e+07    1.525029e-01    3.344563e+23    1.090606e-02    5.453032e-02    1.407967e-02    7.039833e-02
8.129420e+07    1.509756e-01    3.232208e+23    1.072131e-02    5.360656e-02    1.384116e-02    6.920577e-02
8.428440e+07    1.494655e-01    3.122406e+23    1.053763e-02    5.268816e-02    1.360402e-02    6.802012e-02
8.741110e+07    1.479698e-01    3.015083e+23    1.035495e-02    5.177474e-02    1.336818e-02    6.684090e-02
9.068180e+07    1.464914e-01    2.910311e+23    1.017344e-02    5.086722e-02    1.313386e-02    6.566930e-02
9.410440e+07    1.450273e-01    2.808079e+23    9.993162e-03    4.996581e-02    1.290112e-02    6.450559e-02
9.768750e+07    1.435794e-01    2.707380e+23    9.812347e-03    4.906174e-02    1.266769e-02    6.333843e-02
1.014410e+08    1.421466e-01    2.608851e+23    9.632143e-03    4.816072e-02    1.243504e-02    6.217522e-02
1.053760e+08    1.407283e-01    2.512692e+23    9.452963e-03    4.726482e-02    1.220372e-02    6.101861e-02
1.095030e+08    1.393247e-01    2.418796e+23    9.274658e-03    4.637329e-02    1.197353e-02    5.986766e-02
1.138330e+08    1.379354e-01    2.327123e+23    9.097205e-03    4.548602e-02    1.174444e-02    5.872220e-02
1.183790e+08    1.365602e-01    2.237377e+23    8.920063e-03    4.460032e-02    1.151575e-02    5.757876e-02
1.231550e+08    1.351990e-01    2.149608e+23    8.743352e-03    4.371676e-02    1.128762e-02    5.643809e-02
1.281750e+08    1.338519e-01    2.063475e+23    8.566392e-03    4.283196e-02    1.105916e-02    5.529582e-02
1.334590e+08    1.325187e-01    1.979062e+23    8.389344e-03    4.194672e-02    1.083060e-02    5.415298e-02
1.390220e+08    1.311991e-01    1.896092e+23    8.211604e-03    4.105802e-02    1.060114e-02    5.300568e-02
1.448880e+08    1.298934e-01    1.814886e+23    8.033836e-03    4.016918e-02    1.037164e-02    5.185819e-02
1.510780e+08    1.286011e-01    1.735478e+23    7.856116e-03    3.928058e-02    1.014220e-02    5.071101e-02
1.576160e+08    1.273221e-01    1.657866e+23    7.678440e-03    3.839220e-02    9.912823e-03    4.956412e-02
1.645290e+08    1.260566e-01    1.582156e+23    7.501065e-03    3.750532e-02    9.683833e-03    4.841917e-02
1.718450e+08    1.248042e-01    1.508375e+23    7.324077e-03    3.662038e-02    9.455343e-03    4.727671e-02
1.795970e+08    1.235646e-01    1.436578e+23    7.147644e-03    3.573822e-02    9.227569e-03    4.613785e-02
1.878170e+08    1.223381e-01    1.366876e+23    6.972089e-03    3.486045e-02    9.000929e-03    4.500464e-02
1.965430e+08    1.211243e-01    1.299120e+23    6.797089e-03    3.398545e-02    8.775004e-03    4.387502e-02
2.058170e+08    1.199231e-01    1.233330e+23    6.622743e-03    3.311372e-02    8.549925e-03    4.274962e-02
2.156830e+08    1.187345e-01    1.169471e+23    6.449009e-03    3.224504e-02    8.325635e-03    4.162817e-02
2.261910e+08    1.175583e-01    1.107565e+23    6.275999e-03    3.138000e-02    8.102281e-03    4.051140e-02
2.373980e+08    1.163934e-01    1.048599e+23    6.106649e-03    3.053325e-02    7.883650e-03    3.941825e-02
2.493540e+08    1.152402e-01    9.918120e+22    5.938996e-03    2.969498e-02    7.667210e-03    3.833605e-02
2.621210e+08    1.140993e-01    9.368485e+22    5.772089e-03    2.886044e-02    7.451735e-03    3.725867e-02
2.757720e+08    1.129704e-01    8.836682e+22    5.605869e-03    2.802934e-02    7.237146e-03    3.618573e-02
2.903890e+08    1.118537e-01    8.321072e+22    5.439863e-03    2.719932e-02    7.022833e-03    3.511417e-02
3.060660e+08    1.107465e-01    7.839153e+22    5.279988e-03    2.639994e-02    6.816435e-03    3.408217e-02
3.228740e+08    1.096512e-01    7.371390e+22    5.120036e-03    2.560018e-02    6.609938e-03    3.304969e-02
3.409270e+08    1.085683e-01    6.913998e+22    4.958644e-03    2.479322e-02    6.401582e-03    3.200791e-02
3.603670e+08    1.074977e-01    6.467243e+22    4.795765e-03    2.397883e-02    6.191306e-03    3.095653e-02
3.813560e+08    1.064394e-01    6.032111e+22    4.631621e-03    2.315810e-02    5.979397e-03    2.989698e-02
4.040830e+08    1.053932e-01    5.609436e+22    4.466403e-03    2.233202e-02    5.766102e-03    2.883051e-02
4.287650e+08    1.043595e-01    5.199352e+22    4.300044e-03    2.150022e-02    5.551333e-03    2.775667e-02
4.556580e+08    1.033376e-01    4.804070e+22    4.133358e-03    2.066679e-02    5.336142e-03    2.668071e-02
4.850510e+08    1.023296e-01    4.416816e+22    3.963264e-03    1.981632e-02    5.116552e-03    2.558276e-02
5.167390e+08    1.013506e-01    4.052466e+22    3.796278e-03    1.898139e-02    4.900974e-03    2.450487e-02
5.484270e+08    1.004637e-01    3.736366e+22    3.645214e-03    1.822607e-02    4.705951e-03    2.352975e-02
5.801150e+08    9.965474e-02    3.462895e+22    3.509280e-03    1.754640e-02    4.530461e-03    2.265230e-02
6.118030e+08    9.891265e-02    3.225220e+22    3.386710e-03    1.693355e-02    4.372224e-03    2.186112e-02
6.434910e+08    9.822859e-02    3.014318e+22    3.274107e-03    1.637053e-02    4.226854e-03    2.113427e-02
6.751790e+08    9.759540e-02    2.825655e+22    3.169990e-03    1.584995e-02    4.092439e-03    2.046220e-02
7.068670e+08    9.700747e-02    2.655885e+22    3.073286e-03    1.536643e-02    3.967595e-03    1.983798e-02
7.385550e+08    9.645948e-02    2.503048e+22    2.983547e-03    1.491773e-02    3.851743e-03    1.925871e-02
7.702430e+08    9.594756e-02    2.363411e+22    2.899131e-03    1.449566e-02    3.742762e-03    1.871381e-02
8.019310e+08    9.546810e-02    2.235060e+22    2.819310e-03    1.409655e-02    3.639714e-03    1.819857e-02
8.336200e+08    9.501839e-02    2.116603e+22    2.743582e-03    1.371791e-02    3.541950e-03    1.770975e-02
8.653080e+08    9.459583e-02    2.006686e+22    2.671394e-03    1.335697e-02    3.448756e-03    1.724378e-02
8.969960e+08    9.419770e-02    1.906819e+22    2.604072e-03    1.302036e-02    3.361843e-03    1.680921e-02
9.286840e+08    9.382198e-02    1.813967e+22    2.539879e-03    1.269940e-02    3.278970e-03    1.639485e-02
9.603720e+08    9.346695e-02    1.727107e+22    2.478323e-03    1.239161e-02    3.199501e-03    1.599751e-02
9.920600e+08    9.313118e-02    1.645847e+22    2.419318e-03    1.209659e-02    3.123326e-03    1.561663e-02
1.023750e+09    9.281307e-02    1.569890e+22    2.362832e-03    1.181416e-02    3.050403e-03    1.525202e-02
1.055440e+09    9.251135e-02    1.498785e+22    2.308703e-03    1.154352e-02    2.980523e-03    1.490261e-02
1.087120e+09    9.222485e-02    1.432878e+22    2.257371e-03    1.128685e-02    2.914253e-03    1.457127e-02
1.118810e+09    9.195230e-02    1.371700e+22    2.208655e-03    1.104328e-02    2.851362e-03    1.425681e-02
1.150500e+09    9.169253e-02    1.314527e+22    2.162136e-03    1.081068e-02    2.791306e-03    1.395653e-02
1.182190e+09    9.144483e-02    1.260925e+22    2.117595e-03    1.058797e-02    2.733803e-03    1.366902e-02
1.213880e+09    9.120819e-02    1.210624e+22    2.074928e-03    1.037464e-02    2.678721e-03    1.339360e-02
1.245560e+09    9.098204e-02    1.163562e+22    2.034197e-03    1.017099e-02    2.626137e-03    1.313068e-02
1.277250e+09    9.076552e-02    1.119539e+22    1.995344e-03    9.976721e-03    2.575978e-03    1.287989e-02
1.308940e+09    9.055790e-02    1.078250e+22    1.958204e-03    9.791021e-03    2.528031e-03    1.264015e-02
1.340630e+09    9.035891e-02    1.039009e+22    1.922242e-03    9.611209e-03    2.481603e-03    1.240802e-02
1.372320e+09    9.016767e-02    1.002096e+22    1.887787e-03    9.438937e-03    2.437123e-03    1.218562e-02
1.404010e+09    8.998391e-02    9.674962e+21    1.854910e-03    9.274552e-03    2.394679e-03    1.197340e-02
1.435690e+09    8.980704e-02    9.348869e+21    1.823383e-03    9.116914e-03    2.353977e-03    1.176989e-02
1.467380e+09    8.963678e-02    9.041269e+21    1.793135e-03    8.965675e-03    2.314927e-03    1.157464e-02
1.499070e+09    8.947241e-02    8.751435e+21    1.764160e-03    8.820799e-03    2.277521e-03    1.138760e-02
1.530760e+09    8.931393e-02    8.477721e+21    1.736352e-03    8.681762e-03    2.241621e-03    1.120811e-02
1.562450e+09    8.916078e-02    8.218629e+21    1.709614e-03    8.548069e-03    2.207102e-03    1.103551e-02
1.594130e+09    8.901264e-02    7.973136e+21    1.683887e-03    8.419434e-03    2.173888e-03    1.086944e-02
1.625820e+09    8.886940e-02    7.740327e+21    1.659121e-03    8.295603e-03    2.141916e-03    1.070958e-02
1.657510e+09    8.873060e-02    7.526785e+21    1.636074e-03    8.180372e-03    2.112163e-03    1.056081e-02
1.689200e+09    8.859583e-02    7.326716e+21    1.614184e-03    8.070919e-03    2.083902e-03    1.041951e-02
1.720890e+09    8.846494e-02    7.135090e+21    1.592935e-03    7.964675e-03    2.056470e-03    1.028235e-02
1.752570e+09    8.833794e-02    6.951673e+21    1.572327e-03    7.861637e-03    2.029866e-03    1.014933e-02
1.784260e+09    8.821437e-02    6.776244e+21    1.552362e-03    7.761807e-03    2.004090e-03    1.002045e-02
1.815950e+09    8.809425e-02    6.608289e+21    1.533002e-03    7.665012e-03    1.979098e-03    9.895488e-03
1.847640e+09    8.797745e-02    6.447172e+21    1.514199e-03    7.570995e-03    1.954822e-03    9.774112e-03
1.879330e+09    8.786365e-02    6.292442e+21    1.495918e-03    7.479592e-03    1.931222e-03    9.656112e-03
1.911010e+09    8.775287e-02    6.143550e+21    1.478114e-03    7.390572e-03    1.908237e-03    9.541187e-03
1.942700e+09    8.764483e-02    6.000250e+21    1.460774e-03    7.303869e-03    1.885851e-03    9.429255e-03
1.974390e+09    8.753966e-02    5.862319e+21    1.443886e-03    7.219432e-03    1.864049e-03    9.320247e-03
2.006080e+09    8.743707e-02    5.729270e+21    1.427407e-03    7.137037e-03    1.842775e-03    9.213875e-03
2.037770e+09    8.733707e-02    5.600918e+21    1.411328e-03    7.056639e-03    1.822017e-03    9.110082e-03
2.069450e+09    8.723951e-02    5.477084e+21    1.395639e-03    6.978194e-03    1.801762e-03    9.008809e-03
2.101140e+09    8.714425e-02    5.357588e+21    1.380330e-03    6.901650e-03    1.781999e-03    8.909992e-03
2.132830e+09    8.705115e-02    5.250725e+21    1.366495e-03    6.832474e-03    1.764137e-03    8.820686e-03
2.164520e+09    8.696006e-02    5.147181e+21    1.352954e-03    6.764770e-03    1.746656e-03    8.733281e-03
2.196210e+09    8.687083e-02    5.046838e+21    1.339701e-03    6.698506e-03    1.729547e-03    8.647735e-03
2.227900e+09    8.678362e-02    4.949362e+21    1.326701e-03    6.633503e-03    1.712763e-03    8.563816e-03
2.259580e+09    8.669828e-02    4.854665e+21    1.313947e-03    6.569737e-03    1.696299e-03    8.481494e-03
2.291270e+09    8.661466e-02    4.762659e+21    1.301437e-03    6.507183e-03    1.680148e-03    8.400738e-03
2.322960e+09    8.653276e-02    4.673145e+21    1.289148e-03    6.445742e-03    1.664284e-03    8.321418e-03
2.354650e+09    8.645258e-02    4.586159e+21    1.277094e-03    6.385470e-03    1.648721e-03    8.243607e-03
2.386340e+09    8.637399e-02    4.501519e+21    1.265254e-03    6.326272e-03    1.633436e-03    8.167182e-03
2.418020e+09    8.629698e-02    4.419256e+21    1.253640e-03    6.268201e-03    1.618443e-03    8.092213e-03
2.449710e+09    8.622155e-02    4.339297e+21    1.242247e-03    6.211236e-03    1.603734e-03    8.018671e-03
2.481400e+09    8.614756e-02    4.261468e+21    1.231056e-03    6.155281e-03    1.589287e-03    7.946434e-03
2.513090e+09    8.607500e-02    4.185806e+21    1.220079e-03    6.100394e-03    1.575115e-03    7.875575e-03
2.544780e+09    8.600388e-02    4.112152e+21    1.209297e-03    6.046484e-03    1.561195e-03    7.805977e-03
2.576460e+09    8.593420e-02    4.040260e+21    1.198679e-03    5.993396e-03    1.547488e-03    7.737440e-03
2.608150e+09    8.586581e-02    3.970081e+21    1.188223e-03    5.941116e-03    1.533990e-03    7.669948e-03
2.639840e+09    8.579856e-02    3.901748e+21    1.177953e-03    5.889764e-03    1.520731e-03    7.603653e-03
2.671530e+09    8.573276e-02    3.835298e+21    1.167879e-03    5.839395e-03    1.507725e-03    7.538627e-03
2.703220e+09    8.566810e-02    3.770505e+21    1.157972e-03    5.789860e-03    1.494935e-03    7.474677e-03
2.734900e+09    8.560474e-02    3.707397e+21    1.148240e-03    5.741202e-03    1.482372e-03    7.411861e-03
2.766590e+09    8.554253e-02    3.645938e+21    1.138683e-03    5.693416e-03    1.470034e-03    7.350169e-03
2.798280e+09    8.548132e-02    3.590784e+21    1.130038e-03    5.650189e-03    1.458872e-03    7.294363e-03
2.829970e+09    8.542112e-02    3.536954e+21    1.121536e-03    5.607678e-03    1.447896e-03    7.239481e-03
2.861660e+09    8.536193e-02    3.484249e+21    1.113148e-03    5.565740e-03    1.437068e-03    7.185340e-03
2.893350e+09    8.530374e-02    3.432649e+21    1.104875e-03    5.524373e-03    1.426387e-03    7.131936e-03
2.925030e+09    8.524641e-02    3.382122e+21    1.096713e-03    5.483565e-03    1.415850e-03    7.079251e-03
2.956720e+09    8.519008e-02    3.332800e+21    1.088687e-03    5.443433e-03    1.405489e-03    7.027442e-03
2.988410e+09    8.513477e-02    3.284499e+21    1.080769e-03    5.403845e-03    1.395267e-03    6.976334e-03
3.020100e+09    8.508031e-02    3.237272e+21    1.072971e-03    5.364854e-03    1.385199e-03    6.925997e-03
3.051790e+09    8.502658e-02    3.191092e+21    1.065290e-03    5.326452e-03    1.375284e-03    6.876419e-03
3.083470e+09    8.497385e-02    3.145933e+21    1.057726e-03    5.288628e-03    1.365518e-03    6.827590e-03
3.115160e+09    8.492184e-02    3.101768e+21    1.050275e-03    5.251374e-03    1.355899e-03    6.779495e-03
3.146850e+09    8.487083e-02    3.058575e+21    1.042936e-03    5.214682e-03    1.346425e-03    6.732126e-03
3.178540e+09    8.482040e-02    3.016404e+21    1.035722e-03    5.178608e-03    1.337111e-03    6.685555e-03
3.210230e+09    8.477083e-02    2.975017e+21    1.028592e-03    5.142959e-03    1.327906e-03    6.639532e-03
3.241910e+09    8.472213e-02    2.934536e+21    1.021570e-03    5.107849e-03    1.318841e-03    6.594205e-03
3.273600e+09    8.467399e-02    2.894870e+21    1.014642e-03    5.073210e-03    1.309897e-03    6.549486e-03
3.305290e+09    8.462672e-02    2.856073e+21    1.007820e-03    5.039099e-03    1.301090e-03    6.505449e-03
3.336980e+09    8.458017e-02    2.818120e+21    1.001101e-03    5.005507e-03    1.292416e-03    6.462081e-03
3.368670e+09    8.453419e-02    2.780861e+21    9.944614e-04    4.972307e-03    1.283844e-03    6.419221e-03
3.400350e+09    8.448894e-02    2.744411e+21    9.879225e-04    4.939612e-03    1.275402e-03    6.377012e-03
3.432040e+09    8.444440e-02    2.708753e+21    9.814836e-04    4.907418e-03    1.267090e-03    6.335449e-03
3.463730e+09    8.440057e-02    2.673803e+21    9.751312e-04    4.875656e-03    1.258889e-03    6.294445e-03
3.495420e+09    8.435733e-02    2.639608e+21    9.688757e-04    4.844378e-03    1.250813e-03    6.254066e-03
3.527110e+09    8.431465e-02    2.606148e+21    9.627153e-04    4.813576e-03    1.242860e-03    6.214301e-03
3.558800e+09    8.427256e-02    2.573293e+21    9.566277e-04    4.783138e-03    1.235001e-03    6.175005e-03
3.590480e+09    8.423118e-02    2.541145e+21    9.506334e-04    4.753167e-03    1.227262e-03    6.136312e-03
3.622170e+09    8.419037e-02    2.509570e+21    9.447087e-04    4.723544e-03    1.219614e-03    6.098069e-03
3.653860e+09    8.415014e-02    2.478672e+21    9.388752e-04    4.694376e-03    1.212083e-03    6.060413e-03
3.685550e+09    8.411035e-02    2.448440e+21    9.331320e-04    4.665660e-03    1.204668e-03    6.023341e-03
3.717240e+09    8.407127e-02    2.418741e+21    9.274554e-04    4.637277e-03    1.197340e-03    5.986699e-03
3.748920e+09    8.403262e-02    2.391660e+21    9.222487e-04    4.611243e-03    1.190618e-03    5.953090e-03
3.780610e+09    8.399439e-02    2.367004e+21    9.174826e-04    4.587413e-03    1.184465e-03    5.922325e-03
3.812300e+09    8.395675e-02    2.342714e+21    9.127628e-04    4.563814e-03    1.178372e-03    5.891858e-03
3.843990e+09    8.391940e-02    2.318832e+21    9.080986e-04    4.540493e-03    1.172350e-03    5.861751e-03
3.875680e+09    8.388261e-02    2.295351e+21    9.034890e-04    4.517445e-03    1.166399e-03    5.831996e-03
3.907360e+09    8.384612e-02    2.272215e+21    8.989240e-04    4.494620e-03    1.160506e-03    5.802529e-03
3.939050e+09    8.381020e-02    2.249464e+21    8.944125e-04    4.472062e-03    1.154682e-03    5.773408e-03
3.970740e+09    8.377457e-02    2.227047e+21    8.899447e-04    4.449723e-03    1.148914e-03    5.744568e-03
4.002430e+09    8.373951e-02    2.204902e+21    8.855089e-04    4.427544e-03    1.143187e-03    5.715935e-03
4.034120e+09    8.370474e-02    2.183178e+21    8.811358e-04    4.405679e-03    1.137541e-03    5.687707e-03
4.065800e+09    8.367026e-02    2.161720e+21    8.767950e-04    4.383975e-03    1.131937e-03    5.659687e-03
4.097490e+09    8.363635e-02    2.140668e+21    8.725152e-04    4.362576e-03    1.126412e-03    5.632062e-03
4.129180e+09    8.360273e-02    2.119871e+21    8.682664e-04    4.341332e-03    1.120927e-03    5.604636e-03
4.160870e+09    8.356954e-02    2.099469e+21    8.640781e-04    4.320391e-03    1.115520e-03    5.577600e-03
4.192560e+09    8.353664e-02    2.079359e+21    8.599299e-04    4.299649e-03    1.110165e-03    5.550823e-03
4.224240e+09    8.350417e-02    2.059582e+21    8.558307e-04    4.279153e-03    1.104873e-03    5.524363e-03
4.255930e+09    8.347198e-02    2.040136e+21    8.517809e-04    4.258904e-03    1.099644e-03    5.498222e-03
4.287620e+09    8.344023e-02    2.020967e+21    8.477699e-04    4.238849e-03    1.094466e-03    5.472331e-03
4.319310e+09    8.340876e-02    2.002115e+21    8.438065e-04    4.219032e-03    1.089349e-03    5.446747e-03
4.351000e+09    8.337773e-02    1.983532e+21    8.398814e-04    4.199407e-03    1.084282e-03    5.421411e-03
4.382690e+09    8.334698e-02    1.965256e+21    8.360030e-04    4.180015e-03    1.079275e-03    5.396376e-03
4.414370e+09    8.331652e-02    1.947239e+21    8.321622e-04    4.160811e-03    1.074317e-03    5.371584e-03
4.446060e+09    8.328650e-02    1.929475e+21    8.283577e-04    4.141788e-03    1.069405e-03    5.347026e-03
4.477750e+09    8.325675e-02    1.912005e+21    8.245991e-04    4.122995e-03    1.064553e-03    5.322764e-03
4.509440e+09    8.322730e-02    1.894783e+21    8.208769e-04    4.104385e-03    1.059748e-03    5.298738e-03
4.541130e+09    8.319813e-02    1.877844e+21    8.171994e-04    4.085997e-03    1.055000e-03    5.274999e-03
4.572810e+09    8.316925e-02    1.861184e+21    8.135664e-04    4.067832e-03    1.050310e-03    5.251549e-03
4.604500e+09    8.314080e-02    1.844758e+21    8.099683e-04    4.049841e-03    1.045665e-03    5.228323e-03
4.636190e+09    8.311250e-02    1.828561e+21    8.064047e-04    4.032023e-03    1.041064e-03    5.205320e-03
4.667880e+09    8.308448e-02    1.812671e+21    8.028934e-04    4.014467e-03    1.036531e-03    5.182654e-03
4.699570e+09    8.305690e-02    1.796963e+21    7.994069e-04    3.997035e-03    1.032030e-03    5.160149e-03
4.731250e+09    8.302945e-02    1.781514e+21    7.959632e-04    3.979816e-03    1.027584e-03    5.137920e-03
4.762940e+09    8.300245e-02    1.766278e+21    7.925521e-04    3.962760e-03    1.023180e-03    5.115902e-03
4.794630e+09    8.297557e-02    1.751295e+21    7.891834e-04    3.945917e-03    1.018831e-03    5.094157e-03
4.826320e+09    8.294899e-02    1.736557e+21    7.858557e-04    3.929279e-03    1.014535e-03    5.072677e-03
4.858010e+09    8.292270e-02    1.721985e+21    7.825516e-04    3.912758e-03    1.010270e-03    5.051349e-03
4.889690e+09    8.289670e-02    1.707651e+21    7.792878e-04    3.896439e-03    1.006056e-03    5.030281e-03
4.921380e+09    8.287083e-02    1.693554e+21    7.760645e-04    3.880323e-03    1.001895e-03    5.009475e-03
4.953070e+09    8.284526e-02    1.679614e+21    7.728639e-04    3.864319e-03    9.977630e-04    4.988815e-03
4.984760e+09    8.281997e-02    1.665902e+21    7.697027e-04    3.848513e-03    9.936819e-04    4.968409e-03
5.016450e+09    8.279497e-02    1.652416e+21    7.665809e-04    3.832904e-03    9.896517e-04    4.948258e-03
5.048140e+09    8.277026e-02    1.639077e+21    7.634805e-04    3.817403e-03    9.856491e-04    4.928246e-03
5.079820e+09    8.274569e-02    1.625996e+21    7.604278e-04    3.802139e-03    9.817081e-04    4.908540e-03
5.111510e+09    8.272127e-02    1.613056e+21    7.573960e-04    3.786980e-03    9.777941e-04    4.888970e-03
5.143200e+09    8.269727e-02    1.600365e+21    7.544107e-04    3.772054e-03    9.739400e-04    4.869700e-03
5.174890e+09    8.267342e-02    1.587812e+21    7.514462e-04    3.757231e-03    9.701129e-04    4.850564e-03
5.206580e+09    8.264971e-02    1.575467e+21    7.485193e-04    3.742596e-03    9.663342e-04    4.831671e-03
5.238260e+09    8.262630e-02    1.563288e+21    7.456205e-04    3.728102e-03    9.625919e-04    4.812960e-03
5.269950e+09    8.260302e-02    1.551312e+21    7.427590e-04    3.713795e-03    9.588978e-04    4.794489e-03
5.301640e+09    8.258003e-02    1.539462e+21    7.399167e-04    3.699584e-03    9.552284e-04    4.776142e-03
5.333330e+09    8.255733e-02    1.527845e+21    7.371197e-04    3.685598e-03    9.516174e-04    4.758087e-03
5.365020e+09    8.253477e-02    1.516349e+21    7.343412e-04    3.671706e-03    9.480305e-04    4.740152e-03
5.396700e+09    8.251235e-02    1.505009e+21    7.315901e-04    3.657951e-03    9.444788e-04    4.722394e-03
5.428390e+09    8.249023e-02    1.493824e+21    7.288666e-04    3.644333e-03    9.409627e-04    4.704813e-03
5.460080e+09    8.246824e-02    1.482823e+21    7.261779e-04    3.630889e-03    9.374916e-04    4.687458e-03
5.491770e+09    8.244641e-02    1.471937e+21    7.235074e-04    3.617537e-03    9.340440e-04    4.670220e-03
5.523460e+09    8.242486e-02    1.461232e+21    7.208717e-04    3.604358e-03    9.306413e-04    4.653207e-03
5.555140e+09    8.240345e-02    1.450672e+21    7.182621e-04    3.591311e-03    9.272724e-04    4.636362e-03
5.586830e+09    8.238218e-02    1.440222e+21    7.156703e-04    3.578351e-03    9.239263e-04    4.619632e-03
5.618520e+09    8.236121e-02    1.429945e+21    7.131124e-04    3.565562e-03    9.206242e-04    4.603121e-03
5.650210e+09    8.234038e-02    1.419808e+21    7.105801e-04    3.552901e-03    9.173550e-04    4.586775e-03
5.681900e+09    8.231968e-02    1.409805e+21    7.080728e-04    3.540364e-03    9.141180e-04    4.570590e-03
5.713590e+09    8.229914e-02    1.399940e+21    7.055909e-04    3.527954e-03    9.109139e-04    4.554570e-03
5.745270e+09    8.227888e-02    1.390207e+21    7.031339e-04    3.515670e-03    9.077420e-04    4.538710e-03
5.776960e+09    8.225877e-02    1.380572e+21    7.006932e-04    3.503466e-03    9.045910e-04    4.522955e-03
5.808650e+09    8.223879e-02    1.371132e+21    6.982935e-04    3.491468e-03    9.014931e-04    4.507465e-03
5.840340e+09    8.221897e-02    1.361787e+21    6.959097e-04    3.479549e-03    8.984156e-04    4.492078e-03
5.872030e+09    8.219928e-02    1.352569e+21    6.935504e-04    3.467752e-03    8.953698e-04    4.476849e-03
5.903710e+09    8.217974e-02    1.343505e+21    6.912227e-04    3.456113e-03    8.923647e-04    4.461823e-03
5.935400e+09    8.216049e-02    1.334564e+21    6.889186e-04    3.444593e-03    8.893901e-04    4.446951e-03
5.967090e+09    8.214123e-02    1.325742e+21    6.866381e-04    3.433190e-03    8.864459e-04    4.432230e-03
5.998780e+09    8.212227e-02    1.317011e+21    6.843733e-04    3.421867e-03    8.835222e-04    4.417611e-03
6.030470e+09    8.210331e-02    1.308427e+21    6.821393e-04    3.410696e-03    8.806380e-04    4.403190e-03
6.062150e+09    8.208463e-02    1.299958e+21    6.799282e-04    3.399641e-03    8.777835e-04    4.388917e-03
6.093840e+09    8.206609e-02    1.291575e+21    6.777321e-04    3.388660e-03    8.749484e-04    4.374742e-03
6.125530e+09    8.204770e-02    1.283333e+21    6.755664e-04    3.377832e-03    8.721525e-04    4.360763e-03
6.157220e+09    8.202931e-02    1.275173e+21    6.734151e-04    3.367075e-03    8.693751e-04    4.346876e-03
6.188910e+09    8.201120e-02    1.267124e+21    6.712865e-04    3.356432e-03    8.666271e-04    4.333135e-03
6.220590e+09    8.199325e-02    1.259184e+21    6.691800e-04    3.345900e-03    8.639076e-04    4.319538e-03
6.252280e+09    8.197529e-02    1.251323e+21    6.670878e-04    3.335439e-03    8.612067e-04    4.306033e-03
6.283970e+09    8.195761e-02    1.243595e+21    6.650248e-04    3.325124e-03    8.585433e-04    4.292717e-03
6.315660e+09    8.193994e-02    1.235945e+21    6.629762e-04    3.314881e-03    8.558986e-04    4.279493e-03
6.347350e+09    8.192256e-02    1.228399e+21    6.609491e-04    3.304746e-03    8.532817e-04    4.266408e-03
6.379030e+09    8.190517e-02    1.220926e+21    6.589355e-04    3.294677e-03    8.506821e-04    4.253410e-03
6.410720e+09    8.188793e-02    1.213583e+21    6.569511e-04    3.284755e-03    8.481202e-04    4.240601e-03
6.442410e+09    8.187083e-02    1.206311e+21    6.549798e-04    3.274899e-03    8.455753e-04    4.227877e-03
6.474100e+09    8.185388e-02    1.199138e+21    6.530296e-04    3.265148e-03    8.430575e-04    4.215288e-03
6.505790e+09    8.183707e-02    1.192036e+21    6.510930e-04    3.255465e-03    8.405574e-04    4.202787e-03
6.537480e+09    8.182040e-02    1.185030e+21    6.491767e-04    3.245883e-03    8.380835e-04    4.190418e-03
6.569160e+09    8.180373e-02    1.178146e+21    6.472885e-04    3.236442e-03    8.356458e-04    4.178229e-03
6.600850e+09    8.178721e-02    1.171304e+21    6.454061e-04    3.227030e-03    8.332157e-04    4.166078e-03
6.632540e+09    8.177084e-02    1.164580e+21    6.435511e-04    3.217755e-03    8.308209e-04    4.154104e-03
6.664230e+09    8.175460e-02    1.157922e+21    6.417088e-04    3.208544e-03    8.284425e-04    4.142213e-03
6.695920e+09    8.173851e-02    1.151355e+21    6.398866e-04    3.199433e-03    8.260900e-04    4.130450e-03
6.727600e+09    8.172242e-02    1.144852e+21    6.380769e-04    3.190384e-03    8.237537e-04    4.118768e-03
6.759290e+09    8.170661e-02    1.138464e+21    6.362943e-04    3.181471e-03    8.214524e-04    4.107262e-03
6.790980e+09    8.169081e-02    1.132138e+21    6.345240e-04    3.172620e-03    8.191669e-04    4.095835e-03
6.822670e+09    8.167500e-02    1.125898e+21    6.327729e-04    3.163864e-03    8.169063e-04    4.084531e-03
6.854360e+09    8.165948e-02    1.119719e+21    6.310342e-04    3.155171e-03    8.146617e-04    4.073308e-03
6.886040e+09    8.164397e-02    1.113626e+21    6.293148e-04    3.146574e-03    8.124419e-04    4.062210e-03
6.917730e+09    8.162859e-02    1.107591e+21    6.276073e-04    3.138037e-03    8.102376e-04    4.051188e-03
6.949420e+09    8.161322e-02    1.101638e+21    6.259186e-04    3.129593e-03    8.080575e-04    4.040287e-03
6.981110e+09    8.159799e-02    1.095744e+21    6.242419e-04    3.121210e-03    8.058929e-04    4.029464e-03
7.012800e+09    8.158290e-02    1.089907e+21    6.225770e-04    3.112885e-03    8.037434e-04    4.018717e-03
7.044480e+09    8.156796e-02    1.084150e+21    6.209304e-04    3.104652e-03    8.016177e-04    4.008088e-03
7.076170e+09    8.155302e-02    1.078449e+21    6.192956e-04    3.096478e-03    7.995072e-04    3.997536e-03
7.107860e+09    8.153822e-02    1.072826e+21    6.176791e-04    3.088396e-03    7.974203e-04    3.987101e-03
7.139550e+09    8.152356e-02    1.067258e+21    6.160742e-04    3.080371e-03    7.953485e-04    3.976742e-03
7.171240e+09    8.150891e-02    1.061767e+21    6.144874e-04    3.072437e-03    7.932998e-04    3.966499e-03
7.202930e+09    8.149440e-02    1.056304e+21    6.129046e-04    3.064523e-03    7.912564e-04    3.956282e-03
7.234610e+09    8.147989e-02    1.050919e+21    6.113403e-04    3.056701e-03    7.892370e-04    3.946185e-03
7.266300e+09    8.146552e-02    1.045609e+21    6.097937e-04    3.048969e-03    7.872403e-04    3.936202e-03
7.297990e+09    8.145129e-02    1.040325e+21    6.082511e-04    3.041255e-03    7.852488e-04    3.926244e-03
7.329680e+09    8.143707e-02    1.035116e+21    6.067264e-04    3.033632e-03    7.832804e-04    3.916402e-03
7.361370e+09    8.142299e-02    1.029982e+21    6.052197e-04    3.026098e-03    7.813353e-04    3.906676e-03
7.393050e+09    8.140905e-02    1.024871e+21    6.037165e-04    3.018582e-03    7.793946e-04    3.896973e-03
7.424740e+09    8.139511e-02    1.019834e+21    6.022308e-04    3.011154e-03    7.774767e-04    3.887383e-03
7.456430e+09    8.138118e-02    1.014844e+21    6.007558e-04    3.003779e-03    7.755724e-04    3.877862e-03
7.488120e+09    8.136753e-02    1.009926e+21    5.992982e-04    2.996491e-03    7.736907e-04    3.868453e-03
7.519810e+09    8.135373e-02    1.005031e+21    5.978441e-04    2.989221e-03    7.718135e-04    3.859067e-03
7.551490e+09    8.134023e-02    1.000206e+21    5.964073e-04    2.982037e-03    7.699586e-04    3.849793e-03
7.583180e+09    8.132673e-02    9.954499e+20    5.949877e-04    2.974939e-03    7.681259e-04    3.840629e-03
7.614870e+09    8.131322e-02    9.907166e+20    5.935715e-04    2.967857e-03    7.662975e-04    3.831487e-03
7.646560e+09    8.129986e-02    9.860503e+20    5.921720e-04    2.960860e-03    7.644907e-04    3.822454e-03
7.678250e+09    8.128650e-02    9.814296e+20    5.907829e-04    2.953914e-03    7.626974e-04    3.813487e-03
7.709930e+09    8.127328e-02    9.768530e+20    5.894038e-04    2.947019e-03    7.609170e-04    3.804585e-03
7.741620e+09    8.126020e-02    9.723203e+20    5.880348e-04    2.940174e-03    7.591496e-04    3.795748e-03
7.773310e+09    8.124713e-02    9.678532e+20    5.866824e-04    2.933412e-03    7.574037e-04    3.787019e-03
7.805000e+09    8.123405e-02    9.634278e+20    5.853396e-04    2.926698e-03    7.556702e-04    3.778351e-03
7.836690e+09    8.122112e-02    9.590458e+20    5.840069e-04    2.920035e-03    7.539497e-04    3.769749e-03
7.868380e+09    8.120834e-02    9.547047e+20    5.826837e-04    2.913418e-03    7.522414e-04    3.761207e-03
7.900060e+09    8.119540e-02    9.504062e+20    5.813705e-04    2.906852e-03    7.505460e-04    3.752730e-03
7.931750e+09    8.118276e-02    9.461488e+20    5.800669e-04    2.900334e-03    7.488631e-04    3.744315e-03
7.963440e+09    8.117011e-02    9.419313e+20    5.787726e-04    2.893863e-03    7.471922e-04    3.735961e-03
7.995130e+09    8.115747e-02    9.377552e+20    5.774881e-04    2.887440e-03    7.455340e-04    3.727670e-03
8.026820e+09    8.114497e-02    9.336181e+20    5.762128e-04    2.881064e-03    7.438876e-04    3.719438e-03
8.058500e+09    8.113247e-02    9.295217e+20    5.749474e-04    2.874737e-03    7.422538e-04    3.711269e-03
8.090190e+09    8.112012e-02    9.254636e+20    5.736909e-04    2.868455e-03    7.406318e-04    3.703159e-03
8.121880e+09    8.110776e-02    9.214231e+20    5.724372e-04    2.862186e-03    7.390133e-04    3.695066e-03
8.153570e+09    8.109540e-02    9.174437e+20    5.711998e-04    2.855999e-03    7.374157e-04    3.687079e-03
8.185260e+09    8.108319e-02    9.138597e+20    5.700830e-04    2.850415e-03    7.359740e-04    3.679870e-03
8.216940e+09    8.107112e-02    9.103936e+20    5.690008e-04    2.845004e-03    7.345769e-04    3.672885e-03
8.248630e+09    8.105891e-02    9.069416e+20    5.679211e-04    2.839605e-03    7.331829e-04    3.665915e-03
8.280320e+09    8.104684e-02    9.035236e+20    5.668499e-04    2.834249e-03    7.318001e-04    3.659000e-03
8.312010e+09    8.103477e-02    9.000967e+20    5.657739e-04    2.828869e-03    7.304109e-04    3.652055e-03
8.343700e+09    8.102284e-02    8.967250e+20    5.647132e-04    2.823566e-03    7.290417e-04    3.645208e-03
8.375380e+09    8.101092e-02    8.933662e+20    5.636546e-04    2.818273e-03    7.276750e-04    3.638375e-03
8.407070e+09    8.099900e-02    8.900393e+20    5.626041e-04    2.813021e-03    7.263188e-04    3.631594e-03
8.438760e+09    8.098721e-02    8.867259e+20    5.615559e-04    2.807780e-03    7.249656e-04    3.624828e-03
8.470450e+09    8.097543e-02    8.834238e+20    5.605093e-04    2.802547e-03    7.236144e-04    3.618072e-03
8.502140e+09    8.096365e-02    8.801755e+20    5.594779e-04    2.797390e-03    7.222829e-04    3.611415e-03
8.533820e+09    8.095201e-02    8.769190e+20    5.584420e-04    2.792210e-03    7.209455e-04    3.604728e-03
8.565510e+09    8.094037e-02    8.736937e+20    5.574141e-04    2.787070e-03    7.196185e-04    3.598092e-03
8.597200e+09    8.092874e-02    8.705013e+20    5.563948e-04    2.781974e-03    7.183026e-04    3.591513e-03
8.628890e+09    8.091724e-02    8.673396e+20    5.553834e-04    2.776917e-03    7.169969e-04    3.584985e-03
8.660580e+09    8.090575e-02    8.641904e+20    5.543742e-04    2.771871e-03    7.156941e-04    3.578470e-03
8.692270e+09    8.089425e-02    8.610517e+20    5.533666e-04    2.766833e-03    7.143932e-04    3.571966e-03
8.723950e+09    8.088291e-02    8.579450e+20    5.523674e-04    2.761837e-03    7.131033e-04    3.565516e-03
8.755640e+09    8.087155e-02    8.548487e+20    5.513698e-04    2.756849e-03    7.118153e-04    3.559076e-03
8.787330e+09    8.086020e-02    8.517841e+20    5.503805e-04    2.751903e-03    7.105382e-04    3.552691e-03
8.819020e+09    8.084899e-02    8.487491e+20    5.493991e-04    2.746996e-03    7.092713e-04    3.546356e-03
8.850710e+09    8.083764e-02    8.457054e+20    5.484132e-04    2.742066e-03    7.079983e-04    3.539992e-03
8.882390e+09    8.082644e-02    8.427124e+20    5.474419e-04    2.737209e-03    7.067444e-04    3.533722e-03
8.914080e+09    8.081537e-02    8.397291e+20    5.464720e-04    2.732360e-03    7.054923e-04    3.527462e-03
8.945770e+09    8.080431e-02    8.367766e+20    5.455104e-04    2.727552e-03    7.042510e-04    3.521255e-03
8.977460e+09    8.079325e-02    8.338335e+20    5.445503e-04    2.722751e-03    7.030114e-04    3.515057e-03
9.009150e+09    8.078218e-02    8.309008e+20    5.435918e-04    2.717959e-03    7.017740e-04    3.508870e-03
9.040830e+09    8.077127e-02    8.279984e+20    5.426416e-04    2.713208e-03    7.005473e-04    3.502736e-03
9.072520e+09    8.076034e-02    8.251243e+20    5.416989e-04    2.708495e-03    6.993303e-04    3.496652e-03
9.104210e+09    8.074942e-02    8.222601e+20    5.407579e-04    2.703790e-03    6.981155e-04    3.490578e-03
9.135900e+09    8.073851e-02    8.194059e+20    5.398186e-04    2.699093e-03    6.969028e-04    3.484514e-03
9.167590e+09    8.072773e-02    8.166001e+20    5.388936e-04    2.694468e-03    6.957086e-04    3.478543e-03
9.199270e+09    8.071695e-02    8.137843e+20    5.379637e-04    2.689818e-03    6.945081e-04    3.472541e-03
9.230960e+09    8.070618e-02    8.109969e+20    5.370416e-04    2.685208e-03    6.933177e-04    3.466588e-03
9.262650e+09    8.069555e-02    8.082376e+20    5.361272e-04    2.680636e-03    6.921372e-04    3.460686e-03
9.294340e+09    8.068491e-02    8.054887e+20    5.352147e-04    2.676073e-03    6.909592e-04    3.454796e-03
9.326030e+09    8.067428e-02    8.027482e+20    5.343035e-04    2.671517e-03    6.897828e-04    3.448914e-03
9.357720e+09    8.066365e-02    8.000171e+20    5.333938e-04    2.666969e-03    6.886084e-04    3.443042e-03
9.389400e+09    8.065316e-02    7.973135e+20    5.324917e-04    2.662459e-03    6.874439e-04    3.437220e-03
9.421090e+09    8.064267e-02    7.946375e+20    5.315974e-04    2.657987e-03    6.862893e-04    3.431447e-03
9.452780e+09    8.063219e-02    7.919531e+20    5.306987e-04    2.653493e-03    6.851291e-04    3.425645e-03
9.484470e+09    8.062170e-02    7.892951e+20    5.298074e-04    2.649037e-03    6.839784e-04    3.419892e-03
9.516160e+09    8.061135e-02    7.866641e+20    5.289237e-04    2.644618e-03    6.828375e-04    3.414188e-03
9.547840e+09    8.060100e-02    7.840419e+20    5.280414e-04    2.640207e-03    6.816985e-04    3.408492e-03
9.579530e+09    8.059066e-02    7.814284e+20    5.271606e-04    2.635803e-03    6.805614e-04    3.402807e-03
9.611220e+09    8.058046e-02    7.788417e+20    5.262873e-04    2.631437e-03    6.794340e-04    3.397170e-03
9.642910e+09    8.057026e-02    7.762634e+20    5.254155e-04    2.627077e-03    6.783085e-04    3.391542e-03
9.674600e+09    8.056006e-02    7.736937e+20    5.245451e-04    2.622725e-03    6.771848e-04    3.385924e-03
9.706280e+09    8.054986e-02    7.711511e+20    5.236825e-04    2.618412e-03    6.760712e-04    3.380356e-03
9.737970e+09    8.053965e-02    7.686338e+20    5.228271e-04    2.614135e-03    6.749668e-04    3.374834e-03
9.769660e+09    8.052960e-02    7.661070e+20    5.219670e-04    2.609835e-03    6.738565e-04    3.369283e-03
9.801350e+09    8.051954e-02    7.636061e+20    5.211143e-04    2.605572e-03    6.727557e-04    3.363779e-03
9.833040e+09    8.050948e-02    7.611310e+20    5.202691e-04    2.601345e-03    6.716645e-04    3.358323e-03
9.864720e+09    8.049957e-02    7.586639e+20    5.194252e-04    2.597126e-03    6.705751e-04    3.352875e-03
9.896410e+09    8.048965e-02    7.562047e+20    5.185827e-04    2.592913e-03    6.694874e-04    3.347437e-03
9.928100e+09    8.047974e-02    7.537709e+20    5.177475e-04    2.588737e-03    6.684092e-04    3.342046e-03
9.959790e+09    8.046983e-02    7.513277e+20    5.169077e-04    2.584539e-03    6.673250e-04    3.336625e-03
9.991480e+09    8.045992e-02    7.489269e+20    5.160812e-04    2.580406e-03    6.662579e-04    3.331290e-03
1.002320e+10    8.045014e-02    7.465338e+20    5.152560e-04    2.576280e-03    6.651926e-04    3.325963e-03
1.005490e+10    8.044037e-02    7.441483e+20    5.144321e-04    2.572160e-03    6.641290e-04    3.320645e-03
1.008650e+10    8.043060e-02    7.417874e+20    5.136154e-04    2.568077e-03    6.630747e-04    3.315373e-03
1.011820e+10    8.042098e-02    7.394333e+20    5.127998e-04    2.563999e-03    6.620217e-04    3.310108e-03
1.014990e+10    8.041120e-02    7.370876e+20    5.119857e-04    2.559929e-03    6.609707e-04    3.304854e-03
1.018160e+10    8.040158e-02    7.347662e+20    5.111789e-04    2.555894e-03    6.599291e-04    3.299645e-03
1.021330e+10    8.039195e-02    7.324520e+20    5.103733e-04    2.551866e-03    6.588890e-04    3.294445e-03
1.024500e+10    8.038247e-02    7.301620e+20    5.095748e-04    2.547874e-03    6.578582e-04    3.289291e-03
1.027670e+10    8.037285e-02    7.278792e+20    5.087776e-04    2.543888e-03    6.568290e-04    3.284145e-03
1.030840e+10    8.036337e-02    7.256035e+20    5.079816e-04    2.539908e-03    6.558015e-04    3.279007e-03
1.034000e+10    8.035388e-02    7.233516e+20    5.071927e-04    2.535964e-03    6.547830e-04    3.273915e-03
1.037170e+10    8.034439e-02    7.210900e+20    5.063993e-04    2.531996e-03    6.537586e-04    3.268793e-03
1.040340e+10    8.033491e-02    7.188679e+20    5.056184e-04    2.528092e-03    6.527505e-04    3.263753e-03
1.043510e+10    8.032558e-02    7.166535e+20    5.048390e-04    2.524195e-03    6.517444e-04    3.258722e-03
1.046680e+10    8.031623e-02    7.144458e+20    5.040608e-04    2.520304e-03    6.507398e-04    3.253699e-03
1.049850e+10    8.030690e-02    7.122613e+20    5.032896e-04    2.516448e-03    6.497442e-04    3.248721e-03
1.053020e+10    8.029756e-02    7.100836e+20    5.025196e-04    2.512598e-03    6.487501e-04    3.243750e-03
1.056190e+10    8.028822e-02    7.079117e+20    5.017506e-04    2.508753e-03    6.477572e-04    3.238786e-03
1.059360e+10    8.027903e-02    7.057473e+20    5.009829e-04    2.504915e-03    6.467662e-04    3.233831e-03
1.062520e+10    8.026983e-02    7.036057e+20    5.002222e-04    2.501111e-03    6.457841e-04    3.228920e-03
1.065690e+10    8.026063e-02    7.014705e+20    4.994627e-04    2.497313e-03    6.448035e-04    3.224018e-03
1.068860e+10    8.025144e-02    6.993411e+20    4.987040e-04    2.493520e-03    6.438241e-04    3.219120e-03
1.072030e+10    8.024238e-02    6.972350e+20    4.979525e-04    2.489763e-03    6.428539e-04    3.214269e-03
1.075200e+10    8.023319e-02    6.951513e+20    4.972079e-04    2.486039e-03    6.418926e-04    3.209463e-03
1.078370e+10    8.022414e-02    6.930738e+20    4.964643e-04    2.482322e-03    6.409327e-04    3.204664e-03
1.081540e+10    8.021523e-02    6.910018e+20    4.957216e-04    2.478608e-03    6.399739e-04    3.199869e-03
1.084710e+10    8.020618e-02    6.889367e+20    4.949804e-04    2.474902e-03    6.390169e-04    3.195085e-03
1.087870e+10    8.019713e-02    6.868936e+20    4.942459e-04    2.471229e-03    6.380687e-04    3.190343e-03
1.091040e+10    8.018822e-02    6.848558e+20    4.935122e-04    2.467561e-03    6.371215e-04    3.185607e-03
1.094210e+10    8.017931e-02    6.828248e+20    4.927799e-04    2.463899e-03    6.361761e-04    3.180880e-03
1.097380e+10    8.017040e-02    6.807998e+20    4.920486e-04    2.460243e-03    6.352321e-04    3.176160e-03
1.100550e+10    8.016149e-02    6.787801e+20    4.913182e-04    2.456591e-03    6.342891e-04    3.171445e-03
1.103720e+10    8.015273e-02    6.767828e+20    4.905948e-04    2.452974e-03    6.333552e-04    3.166776e-03
1.106890e+10    8.014382e-02    6.748068e+20    4.898781e-04    2.449391e-03    6.324299e-04    3.162150e-03
1.110060e+10    8.013505e-02    6.728359e+20    4.891622e-04    2.445811e-03    6.315057e-04    3.157528e-03
1.113220e+10    8.012629e-02    6.708715e+20    4.884476e-04    2.442238e-03    6.305832e-04    3.152916e-03
1.116390e+10    8.011767e-02    6.689275e+20    4.877394e-04    2.438697e-03    6.296689e-04    3.148344e-03
1.119560e+10    8.010891e-02    6.669899e+20    4.870325e-04    2.435163e-03    6.287563e-04    3.143781e-03
1.122730e+10    8.010029e-02    6.650579e+20    4.863266e-04    2.431633e-03    6.278450e-04    3.139225e-03
1.125900e+10    8.009152e-02    6.631308e+20    4.856215e-04    2.428107e-03    6.269347e-04    3.134673e-03
1.129070e+10    8.008291e-02    6.612100e+20    4.849177e-04    2.424588e-03    6.260260e-04    3.130130e-03
1.132240e+10    8.007442e-02    6.593092e+20    4.842202e-04    2.421101e-03    6.251256e-04    3.125628e-03
1.135410e+10    8.006580e-02    6.573994e+20    4.835184e-04    2.417592e-03    6.242195e-04    3.121098e-03
1.138580e+10    8.005718e-02    6.555096e+20    4.828229e-04    2.414114e-03    6.233217e-04    3.116608e-03
1.141740e+10    8.004871e-02    6.536259e+20    4.821287e-04    2.410643e-03    6.224254e-04    3.112127e-03
1.144910e+10    8.004023e-02    6.517777e+20    4.814465e-04    2.407233e-03    6.215448e-04    3.107724e-03
1.148080e+10    8.003175e-02    6.499190e+20    4.807596e-04    2.403798e-03    6.206580e-04    3.103290e-03
1.151250e+10    8.002328e-02    6.480813e+20    4.800794e-04    2.400397e-03    6.197798e-04    3.098899e-03
1.154420e+10    8.001494e-02    6.462481e+20    4.793999e-04    2.397000e-03    6.189026e-04    3.094513e-03
1.157590e+10    8.000647e-02    6.444207e+20    4.787216e-04    2.393608e-03    6.180270e-04    3.090135e-03
1.160760e+10    7.999813e-02    6.426126e+20    4.780496e-04    2.390248e-03    6.171594e-04    3.085797e-03
1.163930e+10    7.998980e-02    6.408103e+20    4.773787e-04    2.386894e-03    6.162933e-04    3.081466e-03
1.167090e+10    7.998146e-02    6.389977e+20    4.767031e-04    2.383515e-03    6.154210e-04    3.077105e-03
1.170260e+10    7.997327e-02    6.372055e+20    4.760341e-04    2.380171e-03    6.145574e-04    3.072787e-03
1.173430e+10    7.996494e-02    6.354177e+20    4.753658e-04    2.376829e-03    6.136947e-04    3.068473e-03
1.176600e+10    7.995675e-02    6.336495e+20    4.747040e-04    2.373520e-03    6.128402e-04    3.064201e-03
1.179770e+10    7.994842e-02    6.319014e+20    4.740487e-04    2.370244e-03    6.119943e-04    3.059971e-03
1.182940e+10    7.994023e-02    6.301430e+20    4.733887e-04    2.366943e-03    6.111422e-04    3.055711e-03
1.186110e+10    7.993218e-02    6.284047e+20    4.727353e-04    2.363676e-03    6.102986e-04    3.051493e-03
1.189280e+10    7.992399e-02    6.266704e+20    4.720825e-04    2.360412e-03    6.094559e-04    3.047280e-03
1.192450e+10    7.991581e-02    6.249561e+20    4.714364e-04    2.357182e-03    6.086217e-04    3.043109e-03
1.195610e+10    7.990776e-02    6.232314e+20    4.707854e-04    2.353927e-03    6.077813e-04    3.038906e-03
1.198780e+10    7.989971e-02    6.215114e+20    4.701353e-04    2.350677e-03    6.069421e-04    3.034710e-03
1.201950e+10    7.989166e-02    6.198111e+20    4.694918e-04    2.347459e-03    6.061113e-04    3.030556e-03
1.205120e+10    7.988362e-02    6.181149e+20    4.688489e-04    2.344244e-03    6.052813e-04    3.026407e-03
1.208290e+10    7.987558e-02    6.164381e+20    4.682126e-04    2.341063e-03    6.044598e-04    3.022299e-03
1.211460e+10    7.986767e-02    6.147653e+20    4.675768e-04    2.337884e-03    6.036391e-04    3.018196e-03
1.214630e+10    7.985963e-02    6.130970e+20    4.669420e-04    2.334710e-03    6.028195e-04    3.014097e-03
1.217800e+10    7.985173e-02    6.114339e+20    4.663082e-04    2.331541e-03    6.020013e-04    3.010007e-03
1.220960e+10    7.984382e-02    6.097886e+20    4.656804e-04    2.328402e-03    6.011908e-04    3.005954e-03
1.224130e+10    7.983592e-02    6.081338e+20    4.650481e-04    2.325240e-03    6.003745e-04    3.001873e-03
1.227300e+10    7.982802e-02    6.064981e+20    4.644223e-04    2.322111e-03    5.995666e-04    2.997833e-03
1.230470e+10    7.982026e-02    6.048662e+20    4.637970e-04    2.318985e-03    5.987594e-04    2.993797e-03
1.233640e+10    7.981236e-02    6.032525e+20    4.631780e-04    2.315890e-03    5.979602e-04    2.989801e-03
1.236810e+10    7.980460e-02    6.016300e+20    4.625547e-04    2.312773e-03    5.971555e-04    2.985777e-03
1.239980e+10    7.979684e-02    6.000388e+20    4.619426e-04    2.309713e-03    5.963653e-04    2.981827e-03
1.243150e+10    7.978908e-02    5.984380e+20    4.613260e-04    2.306630e-03    5.955693e-04    2.977846e-03
1.246310e+10    7.978132e-02    5.968416e+20    4.607102e-04    2.303551e-03    5.947743e-04    2.973872e-03
1.249480e+10    7.977357e-02    5.952637e+20    4.601008e-04    2.300504e-03    5.939876e-04    2.969938e-03
1.252650e+10    7.976595e-02    5.936757e+20    4.594867e-04    2.297433e-03    5.931948e-04    2.965974e-03
1.255820e+10    7.975819e-02    5.921055e+20    4.588787e-04    2.294393e-03    5.924098e-04    2.962049e-03
1.258990e+10    7.975058e-02    5.905538e+20    4.582770e-04    2.291385e-03    5.916331e-04    2.958165e-03
1.262160e+10    7.974296e-02    5.889920e+20    4.576706e-04    2.288353e-03    5.908502e-04    2.954251e-03
1.265330e+10    7.973534e-02    5.874477e+20    4.570702e-04    2.285351e-03    5.900751e-04    2.950376e-03
1.268500e+10    7.972773e-02    5.859076e+20    4.564707e-04    2.282353e-03    5.893011e-04    2.946506e-03
1.271670e+10    7.972026e-02    5.843856e+20    4.558774e-04    2.279387e-03    5.885352e-04    2.942676e-03
1.274830e+10    7.971265e-02    5.828535e+20    4.552794e-04    2.276397e-03    5.877632e-04    2.938816e-03
1.278000e+10    7.970517e-02    5.813254e+20    4.546822e-04    2.273411e-03    5.869922e-04    2.934961e-03
1.281170e+10    7.969756e-02    5.798146e+20    4.540910e-04    2.270455e-03    5.862290e-04    2.931145e-03
1.284340e+10    7.969009e-02    5.783078e+20    4.535006e-04    2.267503e-03    5.854667e-04    2.927334e-03
1.287510e+10    7.968261e-02    5.768188e+20    4.529164e-04    2.264582e-03    5.847125e-04    2.923563e-03
1.290680e+10    7.967528e-02    5.753198e+20    4.523275e-04    2.261637e-03    5.839523e-04    2.919761e-03
1.293850e+10    7.966782e-02    5.738379e+20    4.517446e-04    2.258723e-03    5.831997e-04    2.915999e-03
1.297020e+10    7.966034e-02    5.723599e+20    4.511624e-04    2.255812e-03    5.824482e-04    2.912241e-03
1.300180e+10    7.965302e-02    5.708856e+20    4.505810e-04    2.252905e-03    5.816975e-04    2.908488e-03
1.303350e+10    7.964569e-02    5.694289e+20    4.500057e-04    2.250029e-03    5.809549e-04    2.904774e-03
1.306520e+10    7.963836e-02    5.679621e+20    4.494258e-04    2.247129e-03    5.802062e-04    2.901031e-03
1.309690e+10    7.963104e-02    5.665123e+20    4.488518e-04    2.244259e-03    5.794652e-04    2.897326e-03
1.312860e+10    7.962371e-02    5.650660e+20    4.482785e-04    2.241393e-03    5.787251e-04    2.893625e-03
1.316030e+10    7.961638e-02    5.636236e+20    4.477060e-04    2.238530e-03    5.779859e-04    2.889930e-03
1.319200e+10    7.960919e-02    5.621977e+20    4.471393e-04    2.235696e-03    5.772544e-04    2.886272e-03
1.322370e+10    7.960187e-02    5.607761e+20    4.465736e-04    2.232868e-03    5.765241e-04    2.882620e-03
1.325530e+10    7.959468e-02    5.593574e+20    4.460084e-04    2.230042e-03    5.757944e-04    2.878972e-03
1.328700e+10    7.958750e-02    5.579424e+20    4.454439e-04    2.227219e-03    5.750656e-04    2.875328e-03
1.331870e+10    7.958031e-02    5.565309e+20    4.448801e-04    2.224400e-03    5.743377e-04    2.871689e-03
1.335040e+10    7.957314e-02    5.551358e+20    4.443221e-04    2.221611e-03    5.736174e-04    2.868087e-03
1.338210e+10    7.956595e-02    5.537314e+20    4.437597e-04    2.218799e-03    5.728914e-04    2.864457e-03
1.341380e+10    7.955877e-02    5.523434e+20    4.432032e-04    2.216016e-03    5.721729e-04    2.860864e-03
1.344550e+10    7.955172e-02    5.509715e+20    4.426524e-04    2.213262e-03    5.714618e-04    2.857309e-03
1.347720e+10    7.954454e-02    5.495903e+20    4.420973e-04    2.210486e-03    5.707451e-04    2.853726e-03
1.350890e+10    7.953750e-02    5.482259e+20    4.415481e-04    2.207741e-03    5.700362e-04    2.850181e-03
1.354050e+10    7.953046e-02    5.468641e+20    4.409995e-04    2.204997e-03    5.693278e-04    2.846639e-03
1.357220e+10    7.952342e-02    5.455059e+20    4.404514e-04    2.202257e-03    5.686204e-04    2.843102e-03
1.360390e+10    7.951638e-02    5.441509e+20    4.399041e-04    2.199521e-03    5.679138e-04    2.839569e-03
1.363560e+10    7.950948e-02    5.427994e+20    4.393575e-04    2.196787e-03    5.672080e-04    2.836040e-03
1.366730e+10    7.950244e-02    5.414512e+20    4.388115e-04    2.194057e-03    5.665032e-04    2.832516e-03
1.369900e+10    7.949540e-02    5.401188e+20    4.382712e-04    2.191356e-03    5.658057e-04    2.829029e-03
1.373070e+10    7.948851e-02    5.387897e+20    4.377317e-04    2.188658e-03    5.651091e-04    2.825546e-03
1.376240e+10    7.948161e-02    5.374762e+20    4.371978e-04    2.185989e-03    5.644199e-04    2.822099e-03
1.379400e+10    7.947471e-02    5.361536e+20    4.366595e-04    2.183298e-03    5.637250e-04    2.818625e-03
1.382570e+10    7.946781e-02    5.348466e+20    4.361270e-04    2.180635e-03    5.630375e-04    2.815187e-03
1.385740e+10    7.946092e-02    5.335427e+20    4.355950e-04    2.177975e-03    5.623508e-04    2.811754e-03
1.388910e+10    7.945402e-02    5.322421e+20    4.350638e-04    2.175319e-03    5.616649e-04    2.808324e-03
1.392080e+10    7.944727e-02    5.309446e+20    4.345332e-04    2.172666e-03    5.609799e-04    2.804900e-03
1.395250e+10    7.944037e-02    5.296503e+20    4.340032e-04    2.170016e-03    5.602957e-04    2.801478e-03
1.398420e+10    7.943362e-02    5.283591e+20    4.334738e-04    2.167369e-03    5.596123e-04    2.798062e-03
1.401590e+10    7.942672e-02    5.270832e+20    4.329502e-04    2.164751e-03    5.589363e-04    2.794681e-03
1.404760e+10    7.941997e-02    5.258104e+20    4.324271e-04    2.162136e-03    5.582610e-04    2.791305e-03
1.407920e+10    7.941322e-02    5.245528e+20    4.319097e-04    2.159548e-03    5.575930e-04    2.787965e-03
1.411090e+10    7.940646e-02    5.232861e+20    4.313879e-04    2.156939e-03    5.569194e-04    2.784597e-03
1.414260e+10    7.939986e-02    5.220225e+20    4.308667e-04    2.154334e-03    5.562465e-04    2.781233e-03
1.417430e+10    7.939310e-02    5.207739e+20    4.303511e-04    2.151756e-03    5.555809e-04    2.777905e-03
1.420600e+10    7.938635e-02    5.195284e+20    4.298362e-04    2.149181e-03    5.549161e-04    2.774581e-03
1.423770e+10    7.937974e-02    5.182857e+20    4.293218e-04    2.146609e-03    5.542521e-04    2.771260e-03
1.426940e+10    7.937313e-02    5.170342e+20    4.288031e-04    2.144016e-03    5.535825e-04    2.767912e-03
1.430110e+10    7.936638e-02    5.157976e+20    4.282900e-04    2.141450e-03    5.529201e-04    2.764600e-03
1.433270e+10    7.935977e-02    5.145995e+20    4.277923e-04    2.138962e-03    5.522775e-04    2.761388e-03
1.436440e+10    7.935316e-02    5.136760e+20    4.274083e-04    2.137041e-03    5.517817e-04    2.758909e-03
1.439610e+10    7.934655e-02    5.127541e+20    4.270246e-04    2.135123e-03    5.512864e-04    2.756432e-03
1.442780e+10    7.933994e-02    5.118226e+20    4.266366e-04    2.133183e-03    5.507854e-04    2.753927e-03
1.445950e+10    7.933348e-02    5.108923e+20    4.262486e-04    2.131243e-03    5.502846e-04    2.751423e-03
1.449120e+10    7.932687e-02    5.099637e+20    4.258611e-04    2.129305e-03    5.497843e-04    2.748921e-03
1.452290e+10    7.932026e-02    5.090368e+20    4.254739e-04    2.127369e-03    5.492844e-04    2.746422e-03
1.455460e+10    7.931365e-02    5.081003e+20    4.250823e-04    2.125412e-03    5.487789e-04    2.743895e-03
1.458620e+10    7.930704e-02    5.071651e+20    4.246909e-04    2.123455e-03    5.482736e-04    2.741368e-03
1.461790e+10    7.930058e-02    5.062316e+20    4.242999e-04    2.121499e-03    5.477688e-04    2.738844e-03
1.464960e+10    7.929396e-02    5.052881e+20    4.239043e-04    2.119522e-03    5.472581e-04    2.736291e-03
1.468130e+10    7.928750e-02    5.043586e+20    4.235143e-04    2.117571e-03    5.467546e-04    2.733773e-03
1.471300e+10    7.928089e-02    5.034186e+20    4.231194e-04    2.115597e-03    5.462448e-04    2.731224e-03
1.474470e+10    7.927442e-02    5.024920e+20    4.227298e-04    2.113649e-03    5.457419e-04    2.728709e-03
1.477640e+10    7.926796e-02    5.015560e+20    4.223359e-04    2.111680e-03    5.452334e-04    2.726167e-03
1.480810e+10    7.926135e-02    5.006213e+20    4.219422e-04    2.109711e-03    5.447251e-04    2.723625e-03
1.483980e+10    7.925489e-02    4.996768e+20    4.215440e-04    2.107720e-03    5.442110e-04    2.721055e-03
1.487140e+10    7.924842e-02    4.987461e+20    4.211512e-04    2.105756e-03    5.437039e-04    2.718519e-03
1.490310e+10    7.924195e-02    4.978051e+20    4.207537e-04    2.103769e-03    5.431907e-04    2.715954e-03
1.493480e+10    7.923549e-02    4.968773e+20    4.203615e-04    2.101807e-03    5.426843e-04    2.713422e-03
1.496650e+10    7.922902e-02    4.959404e+20    4.199650e-04    2.099825e-03    5.421725e-04    2.710862e-03
1.499820e+10    7.922255e-02    4.950047e+20    4.195686e-04    2.097843e-03    5.416608e-04    2.708304e-03
1.502990e+10    7.921610e-02    4.940708e+20    4.191726e-04    2.095863e-03    5.411495e-04    2.705748e-03
