1.584400e+03    1.286647e+00    1.391744e+25    7.035224e-02    3.517612e-01    9.082436e-02    4.541218e-01
3.168810e+03    1.259759e+00    1.326659e+25    6.868754e-02    3.434377e-01    8.867523e-02    4.433762e-01
4.753210e+03    1.235122e+00    1.268467e+25    6.716422e-02    3.358211e-01    8.670863e-02    4.335432e-01
6.337620e+03    1.212431e+00    1.216128e+25    6.576395e-02    3.288198e-01    8.490090e-02    4.245045e-01
7.922020e+03    1.191430e+00    1.168717e+25    6.446930e-02    3.223465e-01    8.322951e-02    4.161475e-01
9.506430e+03    1.171915e+00    1.125562e+25    6.326783e-02    3.163391e-01    8.167842e-02    4.083921e-01
1.109080e+04    1.153710e+00    1.086099e+25    6.214883e-02    3.107442e-01    8.023380e-02    4.011690e-01
1.267520e+04    1.136609e+00    1.051718e+25    6.115725e-02    3.057862e-01    7.895367e-02    3.947683e-01
1.425960e+04    1.120279e+00    1.027920e+25    6.046136e-02    3.023068e-01    7.805529e-02    3.902764e-01
1.584400e+04    1.104777e+00    1.005633e+25    5.980231e-02    2.990116e-01    7.720445e-02    3.860223e-01
1.742840e+04    1.090039e+00    9.846441e+24    5.917496e-02    2.958748e-01    7.639454e-02    3.819727e-01
1.901290e+04    1.075999e+00    9.649155e+24    5.857913e-02    2.928957e-01    7.562534e-02    3.781267e-01
2.059730e+04    1.062601e+00    9.462793e+24    5.801068e-02    2.900534e-01    7.489147e-02    3.744574e-01
2.218170e+04    1.049800e+00    9.286655e+24    5.746825e-02    2.873412e-01    7.419119e-02    3.709560e-01
2.376610e+04    1.037549e+00    9.119883e+24    5.694990e-02    2.847495e-01    7.352200e-02    3.676100e-01
2.535050e+04    1.025812e+00    8.961884e+24    5.645442e-02    2.822721e-01    7.288235e-02    3.644117e-01
2.693490e+04    1.014550e+00    8.811691e+24    5.597936e-02    2.798968e-01    7.226905e-02    3.613452e-01
2.851930e+04    1.003734e+00    8.669006e+24    5.552428e-02    2.776214e-01    7.168154e-02    3.584077e-01
3.010370e+04    9.933347e-01    8.533148e+24    5.508748e-02    2.754374e-01    7.111764e-02    3.555882e-01
3.168810e+04    9.833247e-01    8.403676e+24    5.466797e-02    2.733399e-01    7.057605e-02    3.528802e-01
3.327730e+04    9.736495e-01    8.279597e+24    5.426289e-02    2.713144e-01    7.005309e-02    3.502654e-01
3.490640e+04    9.640919e-01    8.158291e+24    5.386392e-02    2.693196e-01    6.953802e-02    3.476901e-01
3.657620e+04    9.546494e-01    8.039505e+24    5.347034e-02    2.673517e-01    6.902991e-02    3.451496e-01
3.828730e+04    9.453218e-01    7.923358e+24    5.308269e-02    2.654135e-01    6.852946e-02    3.426473e-01
4.004070e+04    9.361063e-01    7.809787e+24    5.270089e-02    2.635044e-01    6.803655e-02    3.401828e-01
4.183700e+04    9.270000e-01    7.698555e+24    5.232424e-02    2.616212e-01    6.755031e-02    3.377515e-01
4.367730e+04    9.180043e-01    7.589607e+24    5.195268e-02    2.597634e-01    6.707062e-02    3.353531e-01
4.556220e+04    9.091164e-01    7.483234e+24    5.158732e-02    2.579366e-01    6.659894e-02    3.329947e-01
4.749260e+04    9.003348e-01    7.379200e+24    5.122748e-02    2.561374e-01    6.613439e-02    3.306719e-01
4.946930e+04    8.916566e-01    7.277283e+24    5.087249e-02    2.543624e-01    6.567610e-02    3.283805e-01
5.149320e+04    8.830834e-01    7.177766e+24    5.052344e-02    2.526172e-01    6.522549e-02    3.261274e-01
5.356510e+04    8.746106e-01    7.080262e+24    5.017911e-02    2.508956e-01    6.478096e-02    3.239048e-01
5.568590e+04    8.662385e-01    6.985047e+24    4.984057e-02    2.492028e-01    6.434390e-02    3.217195e-01
5.785630e+04    8.579655e-01    6.891746e+24    4.950658e-02    2.475329e-01    6.391272e-02    3.195636e-01
6.007740e+04    8.497902e-01    6.800475e+24    4.917767e-02    2.458884e-01    6.348810e-02    3.174405e-01
6.234990e+04    8.417112e-01    6.711187e+24    4.885376e-02    2.442688e-01    6.306993e-02    3.153496e-01
6.467470e+04    8.337284e-01    6.622305e+24    4.852918e-02    2.426459e-01    6.265090e-02    3.132545e-01
6.705340e+04    8.258549e-01    6.517174e+24    4.814243e-02    2.407121e-01    6.215161e-02    3.107580e-01
6.949340e+04    8.180704e-01    6.414299e+24    4.776095e-02    2.388047e-01    6.165912e-02    3.082956e-01
7.199610e+04    8.103736e-01    6.313487e+24    4.738414e-02    2.369207e-01    6.117266e-02    3.058633e-01
7.456300e+04    8.027629e-01    6.214544e+24    4.701138e-02    2.350569e-01    6.069143e-02    3.034571e-01
7.719540e+04    7.952356e-01    6.117716e+24    4.664370e-02    2.332185e-01    6.021676e-02    3.010838e-01
7.989480e+04    7.877917e-01    6.022812e+24    4.628049e-02    2.314025e-01    5.974786e-02    2.987393e-01
8.266270e+04    7.804267e-01    5.929789e+24    4.592170e-02    2.296085e-01    5.928466e-02    2.964233e-01
8.550060e+04    7.731394e-01    5.838473e+24    4.556674e-02    2.278337e-01    5.882641e-02    2.941320e-01
8.840990e+04    7.659296e-01    5.749092e+24    4.521660e-02    2.260830e-01    5.837439e-02    2.918719e-01
9.139240e+04    7.587960e-01    5.661210e+24    4.486968e-02    2.243484e-01    5.792650e-02    2.896325e-01
9.444950e+04    7.517356e-01    5.575056e+24    4.452695e-02    2.226347e-01    5.748405e-02    2.874202e-01
9.758310e+04    7.447485e-01    5.490594e+24    4.418837e-02    2.209418e-01    5.704694e-02    2.852347e-01
1.007950e+05    7.378319e-01    5.407659e+24    4.385337e-02    2.192668e-01    5.661446e-02    2.830723e-01
1.040860e+05    7.309856e-01    5.326222e+24    4.352191e-02    2.176096e-01    5.618654e-02    2.809327e-01
1.074590e+05    7.242083e-01    5.246375e+24    4.319445e-02    2.159723e-01    5.576380e-02    2.788190e-01
1.109160e+05    7.175000e-01    5.167961e+24    4.287044e-02    2.143522e-01    5.534550e-02    2.767275e-01
1.144580e+05    7.108592e-01    5.090956e+24    4.254984e-02    2.127492e-01    5.493161e-02    2.746581e-01
1.180860e+05    7.042859e-01    5.015444e+24    4.223310e-02    2.111655e-01    5.452270e-02    2.726135e-01
1.218040e+05    6.977773e-01    4.941392e+24    4.192016e-02    2.096008e-01    5.411870e-02    2.705935e-01
1.256130e+05    6.913348e-01    4.868658e+24    4.161050e-02    2.080525e-01    5.371892e-02    2.685946e-01
1.295150e+05    6.849583e-01    4.797326e+24    4.130455e-02    2.065228e-01    5.332395e-02    2.666197e-01
1.335120e+05    6.786437e-01    4.727366e+24    4.100227e-02    2.050114e-01    5.293371e-02    2.646685e-01
1.376050e+05    6.723936e-01    4.658642e+24    4.070315e-02    2.035157e-01    5.254754e-02    2.627377e-01
1.417980e+05    6.662040e-01    4.591233e+24    4.040759e-02    2.020380e-01    5.216598e-02    2.608299e-01
1.460910e+05    6.600776e-01    4.525111e+24    4.011557e-02    2.005778e-01    5.178897e-02    2.589449e-01
1.504880e+05    6.540101e-01    4.460251e+24    3.982703e-02    1.991352e-01    5.141648e-02    2.570824e-01
1.549900e+05    6.480029e-01    4.396522e+24    3.954148e-02    1.977074e-01    5.104783e-02    2.552392e-01
1.596000e+05    6.420546e-01    4.334104e+24    3.925979e-02    1.962989e-01    5.068417e-02    2.534208e-01
1.643190e+05    6.361724e-01    4.262744e+24    3.893525e-02    1.946762e-01    5.026519e-02    2.513260e-01
1.691620e+05    6.303492e-01    4.190147e+24    3.860228e-02    1.930114e-01    4.983533e-02    2.491766e-01
1.741340e+05    6.245833e-01    4.118692e+24    3.827172e-02    1.913586e-01    4.940858e-02    2.470429e-01
1.792390e+05    6.188736e-01    4.048455e+24    3.794399e-02    1.897199e-01    4.898548e-02    2.449274e-01
1.844810e+05    6.132198e-01    3.979507e+24    3.761949e-02    1.880975e-01    4.856656e-02    2.428328e-01
1.898620e+05    6.076207e-01    3.911643e+24    3.729735e-02    1.864867e-01    4.815067e-02    2.407533e-01
1.953880e+05    6.020762e-01    3.845027e+24    3.697839e-02    1.848919e-01    4.773890e-02    2.386945e-01
2.010610e+05    5.965862e-01    3.779456e+24    3.666173e-02    1.833086e-01    4.733009e-02    2.366504e-01
2.068850e+05    5.911494e-01    3.715090e+24    3.634821e-02    1.817410e-01    4.692533e-02    2.346267e-01
2.128650e+05    5.857644e-01    3.651735e+24    3.603694e-02    1.801847e-01    4.652349e-02    2.326175e-01
2.190050e+05    5.804324e-01    3.589545e+24    3.572876e-02    1.786438e-01    4.612564e-02    2.306282e-01
2.253080e+05    5.751494e-01    3.528493e+24    3.542362e-02    1.771181e-01    4.573170e-02    2.286585e-01
2.317790e+05    5.699181e-01    3.468482e+24    3.512109e-02    1.756055e-01    4.534113e-02    2.267057e-01
2.384230e+05    5.647357e-01    3.409410e+24    3.482073e-02    1.741037e-01    4.495338e-02    2.247669e-01
2.452440e+05    5.596035e-01    3.351500e+24    3.452375e-02    1.726187e-01    4.456996e-02    2.228498e-01
2.522460e+05    5.545172e-01    3.294498e+24    3.422890e-02    1.711445e-01    4.418932e-02    2.209466e-01
2.594350e+05    5.494799e-01    3.238540e+24    3.393696e-02    1.696848e-01    4.381243e-02    2.190621e-01
2.668150e+05    5.444899e-01    3.183533e+24    3.364752e-02    1.682376e-01    4.343876e-02    2.171938e-01
2.743910e+05    5.395474e-01    3.129531e+24    3.336092e-02    1.668046e-01    4.306876e-02    2.153438e-01
2.821690e+05    5.346494e-01    3.076445e+24    3.307676e-02    1.653838e-01    4.270191e-02    2.135095e-01
2.901530e+05    5.297988e-01    3.024192e+24    3.279465e-02    1.639732e-01    4.233771e-02    2.116886e-01
2.983500e+05    5.249928e-01    2.972962e+24    3.251569e-02    1.625785e-01    4.197758e-02    2.098879e-01
3.067640e+05    5.202328e-01    2.922599e+24    3.223910e-02    1.611955e-01    4.162050e-02    2.081025e-01
3.154010e+05    5.155173e-01    2.873090e+24    3.196487e-02    1.598243e-01    4.126647e-02    2.063323e-01
3.242680e+05    5.108477e-01    2.824551e+24    3.169371e-02    1.584685e-01    4.091640e-02    2.045820e-01
3.333690e+05    5.062227e-01    2.776766e+24    3.142447e-02    1.571224e-01    4.056882e-02    2.028441e-01
3.427120e+05    5.016408e-01    2.729790e+24    3.115752e-02    1.557876e-01    4.022419e-02    2.011210e-01
3.523030e+05    4.971049e-01    2.683733e+24    3.089356e-02    1.544678e-01    3.988341e-02    1.994171e-01
3.621470e+05    4.926106e-01    2.638452e+24    3.063183e-02    1.531591e-01    3.954552e-02    1.977276e-01
3.722510e+05    4.881609e-01    2.593936e+24    3.037232e-02    1.518616e-01    3.921049e-02    1.960525e-01
3.826220e+05    4.837543e-01    2.550288e+24    3.011570e-02    1.505785e-01    3.887920e-02    1.943960e-01
3.932670e+05    4.793894e-01    2.507374e+24    2.986125e-02    1.493062e-01    3.855070e-02    1.927535e-01
4.041930e+05    4.750661e-01    2.465240e+24    2.960929e-02    1.480464e-01    3.822542e-02    1.911271e-01
4.154070e+05    4.707859e-01    2.423814e+24    2.935945e-02    1.467973e-01    3.790289e-02    1.895145e-01
4.269150e+05    4.665446e-01    2.383138e+24    2.911206e-02    1.455603e-01    3.758351e-02    1.879175e-01
4.387270e+05    4.623448e-01    2.343200e+24    2.886709e-02    1.443354e-01    3.726725e-02    1.863363e-01
4.508490e+05    4.581854e-01    2.303931e+24    2.862418e-02    1.431209e-01    3.695365e-02    1.847683e-01
4.632900e+05    4.540647e-01    2.265370e+24    2.838363e-02    1.419181e-01    3.664311e-02    1.832155e-01
4.760580e+05    4.499828e-01    2.227405e+24    2.814478e-02    1.407239e-01    3.633476e-02    1.816738e-01
4.891600e+05    4.459396e-01    2.190127e+24    2.790827e-02    1.395414e-01    3.602943e-02    1.801471e-01
5.026070e+05    4.419339e-01    2.153423e+24    2.767343e-02    1.383671e-01    3.572624e-02    1.786312e-01
5.164070e+05    4.379655e-01    2.117334e+24    2.744056e-02    1.372028e-01    3.542561e-02    1.771281e-01
5.305690e+05    4.340330e-01    2.081849e+24    2.720965e-02    1.360482e-01    3.512751e-02    1.756375e-01
5.451030e+05    4.301365e-01    2.046912e+24    2.698037e-02    1.349019e-01    3.483151e-02    1.741575e-01
5.600190e+05    4.262759e-01    2.012562e+24    2.675303e-02    1.337651e-01    3.453801e-02    1.726901e-01
5.753270e+05    4.224511e-01    1.978743e+24    2.652729e-02    1.326365e-01    3.424659e-02    1.712329e-01
5.910380e+05    4.186595e-01    1.945446e+24    2.630316e-02    1.315158e-01    3.395724e-02    1.697862e-01
6.071620e+05    4.149023e-01    1.912667e+24    2.608062e-02    1.304031e-01    3.366994e-02    1.683497e-01
6.237100e+05    4.111796e-01    1.880439e+24    2.585997e-02    1.292998e-01    3.338507e-02    1.669254e-01
6.406950e+05    4.074899e-01    1.848712e+24    2.564088e-02    1.282044e-01    3.310224e-02    1.655112e-01
6.581280e+05    4.038333e-01    1.817436e+24    2.542307e-02    1.271153e-01    3.282104e-02    1.641052e-01
6.760220e+05    4.002098e-01    1.786691e+24    2.520711e-02    1.260355e-01    3.254224e-02    1.627112e-01
6.943880e+05    3.966192e-01    1.756424e+24    2.499269e-02    1.249634e-01    3.226542e-02    1.613271e-01
7.132400e+05    3.930603e-01    1.726590e+24    2.477952e-02    1.238976e-01    3.199023e-02    1.599511e-01
7.325910e+05    3.895330e-01    1.697303e+24    2.456847e-02    1.228423e-01    3.171775e-02    1.585888e-01
7.524550e+05    3.860402e-01    1.668435e+24    2.435864e-02    1.217932e-01    3.144686e-02    1.572343e-01
7.728450e+05    3.825776e-01    1.640020e+24    2.415032e-02    1.207516e-01    3.117793e-02    1.558896e-01
7.937760e+05    3.791466e-01    1.612053e+24    2.394352e-02    1.197176e-01    3.091095e-02    1.545547e-01
8.152630e+05    3.757471e-01    1.584526e+24    2.373821e-02    1.186911e-01    3.064590e-02    1.532295e-01
8.373200e+05    3.723793e-01    1.557433e+24    2.353439e-02    1.176719e-01    3.038277e-02    1.519138e-01
8.599640e+05    3.690431e-01    1.530803e+24    2.333232e-02    1.166616e-01    3.012190e-02    1.506095e-01
8.832110e+05    3.657371e-01    1.504559e+24    2.313146e-02    1.156573e-01    2.986258e-02    1.493129e-01
9.070770e+05    3.624612e-01    1.478698e+24    2.293179e-02    1.146590e-01    2.960482e-02    1.480241e-01
9.315800e+05    3.592170e-01    1.452477e+24    2.272757e-02    1.136378e-01    2.934116e-02    1.467058e-01
9.567510e+05    3.560043e-01    1.425277e+24    2.251376e-02    1.125688e-01    2.906514e-02    1.453257e-01
9.826330e+05    3.528204e-01    1.398522e+24    2.230144e-02    1.115072e-01    2.879103e-02    1.439552e-01
1.009250e+06    3.496667e-01    1.372206e+24    2.209062e-02    1.104531e-01    2.851887e-02    1.425943e-01
1.036620e+06    3.465402e-01    1.346261e+24    2.188079e-02    1.094039e-01    2.824798e-02    1.412399e-01
1.064770e+06    3.434425e-01    1.320746e+24    2.167245e-02    1.083622e-01    2.797901e-02    1.398950e-01
1.093720e+06    3.403721e-01    1.295625e+24    2.146535e-02    1.073268e-01    2.771165e-02    1.385582e-01
1.123500e+06    3.373290e-01    1.270864e+24    2.125925e-02    1.062962e-01    2.744557e-02    1.372279e-01
1.154140e+06    3.343132e-01    1.246520e+24    2.105465e-02    1.052732e-01    2.718143e-02    1.359072e-01
1.185650e+06    3.313233e-01    1.222529e+24    2.085105e-02    1.042552e-01    2.691859e-02    1.345929e-01
1.218070e+06    3.283606e-01    1.198917e+24    2.064871e-02    1.032436e-01    2.665737e-02    1.332868e-01
1.251430e+06    3.254224e-01    1.175653e+24    2.044739e-02    1.022370e-01    2.639747e-02    1.319874e-01
1.285760e+06    3.225101e-01    1.152735e+24    2.024711e-02    1.012355e-01    2.613891e-02    1.306945e-01
1.321080e+06    3.196221e-01    1.130159e+24    2.004786e-02    1.002393e-01    2.588168e-02    1.294084e-01
1.357440e+06    3.167601e-01    1.107922e+24    1.984966e-02    9.924828e-02    2.562580e-02    1.281290e-01
1.394860e+06    3.139210e-01    1.085999e+24    1.965228e-02    9.826140e-02    2.537098e-02    1.268549e-01
1.433380e+06    3.111078e-01    1.064386e+24    1.945575e-02    9.727875e-02    2.511726e-02    1.255863e-01
1.473040e+06    3.083175e-01    1.043084e+24    1.926008e-02    9.630037e-02    2.486465e-02    1.243232e-01
1.513880e+06    3.055503e-01    1.022090e+24    1.906527e-02    9.532634e-02    2.461316e-02    1.230658e-01
1.555930e+06    3.028089e-01    1.001404e+24    1.887135e-02    9.435675e-02    2.436281e-02    1.218140e-01
1.599240e+06    3.000891e-01    9.810008e+23    1.867811e-02    9.339056e-02    2.411334e-02    1.205667e-01
1.643850e+06    2.973937e-01    9.608803e+23    1.848558e-02    9.242787e-02    2.386478e-02    1.193239e-01
1.689810e+06    2.947227e-01    9.410640e+23    1.829397e-02    9.146983e-02    2.361741e-02    1.180870e-01
1.737160e+06    2.920747e-01    9.215294e+23    1.810310e-02    9.051549e-02    2.337100e-02    1.168550e-01
1.785950e+06    2.894511e-01    9.023171e+23    1.791339e-02    8.956697e-02    2.312609e-02    1.156305e-01
1.836230e+06    2.868506e-01    8.833835e+23    1.772446e-02    8.862229e-02    2.288218e-02    1.144109e-01
1.888060e+06    2.842744e-01    8.647675e+23    1.753670e-02    8.768353e-02    2.263979e-02    1.131990e-01
1.941480e+06    2.817213e-01    8.464267e+23    1.734974e-02    8.674870e-02    2.239842e-02    1.119921e-01
1.996560e+06    2.791925e-01    8.284176e+23    1.716418e-02    8.582088e-02    2.215886e-02    1.107943e-01
2.053340e+06    2.766868e-01    8.106982e+23    1.697962e-02    8.489809e-02    2.192059e-02    1.096030e-01
2.111890e+06    2.742040e-01    7.932850e+23    1.679627e-02    8.398137e-02    2.168390e-02    1.084195e-01
2.172260e+06    2.717457e-01    7.761565e+23    1.661395e-02    8.306976e-02    2.144852e-02    1.072426e-01
2.234530e+06    2.693089e-01    7.593101e+23    1.643266e-02    8.216331e-02    2.121447e-02    1.060724e-01
2.298750e+06    2.668965e-01    7.427614e+23    1.625260e-02    8.126302e-02    2.098202e-02    1.049101e-01
2.365000e+06    2.645057e-01    7.264728e+23    1.607341e-02    8.036704e-02    2.075068e-02    1.037534e-01
2.433340e+06    2.621365e-01    7.104267e+23    1.589491e-02    7.947453e-02    2.052024e-02    1.026012e-01
2.503860e+06    2.597902e-01    6.946550e+23    1.571748e-02    7.858740e-02    2.029118e-02    1.014559e-01
2.576630e+06    2.574641e-01    6.791085e+23    1.554060e-02    7.770302e-02    2.006283e-02    1.003142e-01
2.651740e+06    2.551595e-01    6.638032e+23    1.536448e-02    7.682242e-02    1.983546e-02    9.917732e-02
2.729280e+06    2.528750e-01    6.487231e+23    1.518896e-02    7.594479e-02    1.960886e-02    9.804430e-02
2.809330e+06    2.506106e-01    6.338541e+23    1.501388e-02    7.506940e-02    1.938284e-02    9.691418e-02
2.892010e+06    2.483664e-01    6.191834e+23    1.483911e-02    7.419557e-02    1.915721e-02    9.578606e-02
2.977400e+06    2.461394e-01    6.047267e+23    1.466486e-02    7.332429e-02    1.893225e-02    9.466126e-02
3.065630e+06    2.439325e-01    5.904718e+23    1.449098e-02    7.245492e-02    1.870778e-02    9.353891e-02
3.156810e+06    2.417443e-01    5.764070e+23    1.431736e-02    7.158680e-02    1.848363e-02    9.241816e-02
3.251060e+06    2.395747e-01    5.625345e+23    1.414402e-02    7.072011e-02    1.825985e-02    9.129927e-02
3.348510e+06    2.374238e-01    5.488444e+23    1.397085e-02    6.985426e-02    1.803629e-02    9.018147e-02
3.449290e+06    2.352902e-01    5.353518e+23    1.379806e-02    6.899029e-02    1.781322e-02    8.906608e-02
3.553550e+06    2.331753e-01    5.220466e+23    1.362552e-02    6.812758e-02    1.759046e-02    8.795232e-02
3.661430e+06    2.310776e-01    5.089314e+23    1.345327e-02    6.726636e-02    1.736810e-02    8.684050e-02
3.773110e+06    2.289971e-01    4.959402e+23    1.328046e-02    6.640227e-02    1.714499e-02    8.572497e-02
3.888740e+06    2.269354e-01    4.831359e+23    1.310790e-02    6.553948e-02    1.692222e-02    8.461110e-02
4.008520e+06    2.248922e-01    4.705429e+23    1.293594e-02    6.467969e-02    1.670022e-02    8.350112e-02
4.132630e+06    2.228650e-01    4.581411e+23    1.276433e-02    6.382164e-02    1.647868e-02    8.239338e-02
4.261250e+06    2.208563e-01    4.459532e+23    1.259340e-02    6.296699e-02    1.625801e-02    8.129004e-02
4.394590e+06    2.188650e-01    4.339495e+23    1.242276e-02    6.211377e-02    1.603771e-02    8.018854e-02
4.532860e+06    2.168908e-01    4.221620e+23    1.225287e-02    6.126436e-02    1.581839e-02    7.909195e-02
4.676290e+06    2.149339e-01    4.105624e+23    1.208337e-02    6.041683e-02    1.559956e-02    7.799779e-02
4.825110e+06    2.129942e-01    3.991621e+23    1.191442e-02    5.957210e-02    1.538145e-02    7.690726e-02
4.979580e+06    2.110704e-01    3.879354e+23    1.174568e-02    5.872838e-02    1.516360e-02    7.581801e-02
5.139970e+06    2.091638e-01    3.769027e+23    1.157745e-02    5.788725e-02    1.494642e-02    7.473212e-02
5.306550e+06    2.072730e-01    3.660406e+23    1.140940e-02    5.704701e-02    1.472948e-02    7.364738e-02
5.479650e+06    2.053966e-01    3.553361e+23    1.124134e-02    5.620669e-02    1.451250e-02    7.256252e-02
5.659590e+06    2.035374e-01    3.447936e+23    1.107332e-02    5.536661e-02    1.429560e-02    7.147798e-02
5.846730e+06    2.016940e-01    3.342252e+23    1.090229e-02    5.451147e-02    1.407480e-02    7.037401e-02
6.041540e+06    1.998664e-01    3.236826e+23    1.072897e-02    5.364485e-02    1.385104e-02    6.925520e-02
6.244540e+06    1.980532e-01    3.133425e+23    1.055621e-02    5.278104e-02    1.362801e-02    6.814003e-02
6.456160e+06    1.962558e-01    3.032000e+23    1.038396e-02    5.191979e-02    1.340563e-02    6.702816e-02
6.676860e+06    1.944741e-01    2.932576e+23    1.021229e-02    5.106143e-02    1.318401e-02    6.592003e-02
6.907130e+06    1.927055e-01    2.835040e+23    1.004102e-02    5.020511e-02    1.296290e-02    6.481452e-02
7.147510e+06    1.909540e-01    2.739487e+23    9.870358e-03    4.935179e-02    1.274258e-02    6.371289e-02
7.398560e+06    1.892155e-01    2.645996e+23    9.700473e-03    4.850237e-02    1.252326e-02    6.261629e-02
7.660870e+06    1.874943e-01    2.554520e+23    9.531318e-03    4.765659e-02    1.230488e-02    6.152439e-02
7.935060e+06    1.857873e-01    2.465127e+23    9.363063e-03    4.681531e-02    1.208766e-02    6.043831e-02
8.221810e+06    1.840963e-01    2.377876e+23    9.195872e-03    4.597936e-02    1.187182e-02    5.935910e-02
8.521810e+06    1.824195e-01    2.292711e+23    9.029693e-03    4.514846e-02    1.165728e-02    5.828642e-02
8.835820e+06    1.807586e-01    2.209578e+23    8.864473e-03    4.432237e-02    1.144399e-02    5.721993e-02
9.164630e+06    1.791135e-01    2.128527e+23    8.700373e-03    4.350187e-02    1.123213e-02    5.616067e-02
9.509100e+06    1.775129e-01    2.051111e+23    8.540690e-03    4.270345e-02    1.102598e-02    5.512991e-02
9.869790e+06    1.759655e-01    1.977467e+23    8.385964e-03    4.192982e-02    1.082623e-02    5.413117e-02
1.024720e+07    1.745244e-01    1.909807e+23    8.241248e-03    4.120624e-02    1.063941e-02    5.319703e-02
1.064120e+07    1.731121e-01    1.844290e+23    8.098656e-03    4.049328e-02    1.045532e-02    5.227660e-02
1.105260e+07    1.717270e-01    1.780817e+23    7.958074e-03    3.979037e-02    1.027383e-02    5.136915e-02
1.154620e+07    1.701825e-01    1.710840e+23    7.800150e-03    3.900075e-02    1.006995e-02    5.034975e-02
1.213850e+07    1.689296e-01    1.654776e+23    7.671282e-03    3.835641e-02    9.903582e-03    4.951791e-02
1.284930e+07    1.675848e-01    1.595142e+23    7.531785e-03    3.765893e-02    9.723493e-03    4.861747e-02
1.370230e+07    1.661652e-01    1.532919e+23    7.383425e-03    3.691713e-02    9.531961e-03    4.765981e-02
1.456310e+07    1.649037e-01    1.478186e+23    7.250416e-03    3.625208e-02    9.360246e-03    4.680123e-02
1.539180e+07    1.638233e-01    1.432021e+23    7.136298e-03    3.568149e-02    9.212921e-03    4.606461e-02
1.619510e+07    1.628865e-01    1.392320e+23    7.036682e-03    3.518341e-02    9.084317e-03    4.542158e-02
1.697780e+07    1.620647e-01    1.357842e+23    6.949011e-03    3.474506e-02    8.971135e-03    4.485567e-02
1.774350e+07    1.613376e-01    1.327514e+23    6.870968e-03    3.435484e-02    8.870381e-03    4.435190e-02
1.849490e+07    1.606897e-01    1.300646e+23    6.801081e-03    3.400541e-02    8.780158e-03    4.390079e-02
1.923440e+07    1.601063e-01    1.276672e+23    6.738108e-03    3.369054e-02    8.698860e-03    4.349430e-02
1.996350e+07    1.595790e-01    1.255132e+23    6.681023e-03    3.340511e-02    8.625163e-03    4.312582e-02
2.068370e+07    1.591006e-01    1.235689e+23    6.629076e-03    3.314538e-02    8.558100e-03    4.279050e-02
2.139610e+07    1.586638e-01    1.218033e+23    6.581546e-03    3.290773e-02    8.496739e-03    4.248370e-02
2.210180e+07    1.582629e-01    1.201930e+23    6.537895e-03    3.268947e-02    8.440386e-03    4.220193e-02
2.280140e+07    1.578951e-01    1.187188e+23    6.497675e-03    3.248837e-02    8.388462e-03    4.194231e-02
2.349570e+07    1.575546e-01    1.173625e+23    6.460452e-03    3.230226e-02    8.340408e-03    4.170204e-02
2.418520e+07    1.572399e-01    1.161126e+23    6.425959e-03    3.212980e-02    8.295878e-03    4.147939e-02
2.487050e+07    1.569468e-01    1.149527e+23    6.393783e-03    3.196892e-02    8.254339e-03    4.127169e-02
2.555190e+07    1.566724e-01    1.138752e+23    6.363748e-03    3.181874e-02    8.215563e-03    4.107782e-02
2.622980e+07    1.564167e-01    1.128728e+23    6.335676e-03    3.167838e-02    8.179323e-03    4.089661e-02
2.690450e+07    1.561782e-01    1.119333e+23    6.309253e-03    3.154626e-02    8.145210e-03    4.072605e-02
2.757630e+07    1.559526e-01    1.110553e+23    6.284460e-03    3.142230e-02    8.113203e-03    4.056601e-02
2.824550e+07    1.557399e-01    1.102298e+23    6.261061e-03    3.130530e-02    8.082995e-03    4.041497e-02
2.891230e+07    1.555402e-01    1.094509e+23    6.238899e-03    3.119450e-02    8.054384e-03    4.027192e-02
2.957680e+07    1.553491e-01    1.087150e+23    6.217890e-03    3.108945e-02    8.027261e-03    4.013630e-02
3.023920e+07    1.551695e-01    1.080213e+23    6.198019e-03    3.099009e-02    8.001608e-03    4.000804e-02
3.089970e+07    1.549986e-01    1.073617e+23    6.179067e-03    3.089533e-02    7.977141e-03    3.988571e-02
3.155840e+07    1.548348e-01    1.067331e+23    6.160954e-03    3.080477e-02    7.953757e-03    3.976879e-02
3.221550e+07    1.546796e-01    1.061352e+23    6.143671e-03    3.071835e-02    7.931445e-03    3.965723e-02
3.287100e+07    1.545302e-01    1.055308e+23    6.126155e-03    3.063077e-02    7.908832e-03    3.954416e-02
3.352500e+07    1.543879e-01    1.049541e+23    6.109392e-03    3.054696e-02    7.887191e-03    3.943596e-02
3.417770e+07    1.542514e-01    1.044021e+23    6.093306e-03    3.046653e-02    7.866425e-03    3.933212e-02
3.482910e+07    1.541207e-01    1.038722e+23    6.077821e-03    3.038911e-02    7.846434e-03    3.923217e-02
3.547930e+07    1.539942e-01    1.033640e+23    6.062935e-03    3.031467e-02    7.827215e-03    3.913608e-02
3.612840e+07    1.538736e-01    1.028772e+23    6.048643e-03    3.024321e-02    7.808764e-03    3.904382e-02
3.677640e+07    1.537557e-01    1.024069e+23    6.034800e-03    3.017400e-02    7.790894e-03    3.895447e-02
3.742330e+07    1.536437e-01    1.019528e+23    6.021406e-03    3.010703e-02    7.773602e-03    3.886801e-02
3.806930e+07    1.535330e-01    1.015148e+23    6.008457e-03    3.004228e-02    7.756885e-03    3.878442e-02
3.871440e+07    1.534267e-01    1.010879e+23    5.995810e-03    2.997905e-02    7.740558e-03    3.870279e-02
3.935860e+07    1.533233e-01    1.006768e+23    5.983606e-03    2.991803e-02    7.724803e-03    3.862401e-02
4.000200e+07    1.532241e-01    1.002765e+23    5.971699e-03    2.985849e-02    7.709430e-03    3.854715e-02
4.064460e+07    1.531250e-01    9.988707e+22    5.960092e-03    2.980046e-02    7.694445e-03    3.847223e-02
4.128640e+07    1.530302e-01    9.950827e+22    5.948780e-03    2.974390e-02    7.679842e-03    3.839921e-02
4.192750e+07    1.529368e-01    9.913782e+22    5.937696e-03    2.968848e-02    7.665533e-03    3.832767e-02
4.256780e+07    1.528463e-01    9.877552e+22    5.926837e-03    2.963419e-02    7.651514e-03    3.825757e-02
4.320750e+07    1.527557e-01    9.842364e+22    5.916271e-03    2.958135e-02    7.637873e-03    3.818936e-02
4.384660e+07    1.526681e-01    9.807746e+22    5.905857e-03    2.952928e-02    7.624429e-03    3.812214e-02
4.448500e+07    1.525819e-01    9.773707e+22    5.895600e-03    2.947800e-02    7.611186e-03    3.805593e-02
4.512280e+07    1.524986e-01    9.740454e+22    5.885562e-03    2.942781e-02    7.598228e-03    3.799114e-02
4.576010e+07    1.524152e-01    9.707767e+22    5.875678e-03    2.937839e-02    7.585468e-03    3.792734e-02
4.639670e+07    1.523333e-01    9.675631e+22    5.865945e-03    2.932972e-02    7.572902e-03    3.786451e-02
4.703290e+07    1.522529e-01    9.644047e+22    5.856363e-03    2.928181e-02    7.560532e-03    3.780266e-02
4.766850e+07    1.521738e-01    9.613008e+22    5.846931e-03    2.923465e-02    7.548356e-03    3.774178e-02
4.830350e+07    1.520948e-01    9.582290e+22    5.837582e-03    2.918791e-02    7.536286e-03    3.768143e-02
4.893810e+07    1.520172e-01    9.552112e+22    5.828382e-03    2.914191e-02    7.524409e-03    3.762204e-02
4.957220e+07    1.519411e-01    9.522241e+22    5.819262e-03    2.909631e-02    7.512635e-03    3.756317e-02
5.020590e+07    1.518649e-01    9.492690e+22    5.810225e-03    2.905113e-02    7.500968e-03    3.750484e-02
5.083900e+07    1.517902e-01    9.463447e+22    5.801269e-03    2.900634e-02    7.489406e-03    3.744703e-02
5.147180e+07    1.517155e-01    9.434507e+22    5.792392e-03    2.896196e-02    7.477946e-03    3.738973e-02
5.210410e+07    1.516423e-01    9.405878e+22    5.783596e-03    2.891798e-02    7.466591e-03    3.733295e-02
5.273600e+07    1.515690e-01    9.377763e+22    5.774946e-03    2.887473e-02    7.455423e-03    3.727712e-02
5.336750e+07    1.514971e-01    9.349521e+22    5.766244e-03    2.883122e-02    7.444189e-03    3.722094e-02
5.399860e+07    1.514253e-01    9.321789e+22    5.757686e-03    2.878843e-02    7.433140e-03    3.716570e-02
5.462930e+07    1.513535e-01    9.294140e+22    5.749141e-03    2.874570e-02    7.422109e-03    3.711054e-02
5.525960e+07    1.512816e-01    9.266791e+22    5.740676e-03    2.870338e-02    7.411180e-03    3.705590e-02
5.588950e+07    1.512112e-01    9.239731e+22    5.732288e-03    2.866144e-02    7.400352e-03    3.700176e-02
5.651920e+07    1.511422e-01    9.212750e+22    5.723912e-03    2.861956e-02    7.389539e-03    3.694769e-02
5.714840e+07    1.510718e-01    9.185847e+22    5.715548e-03    2.857774e-02    7.378742e-03    3.689371e-02
5.777730e+07    1.510029e-01    9.159234e+22    5.707263e-03    2.853631e-02    7.368045e-03    3.684022e-02
5.840590e+07    1.509339e-01    9.132704e+22    5.698991e-03    2.849496e-02    7.357366e-03    3.678683e-02
5.903420e+07    1.508649e-01    9.106455e+22    5.690796e-03    2.845398e-02    7.346786e-03    3.673393e-02
5.966220e+07    1.507960e-01    9.080281e+22    5.682612e-03    2.841306e-02    7.336220e-03    3.668110e-02
6.028980e+07    1.507270e-01    9.054183e+22    5.674439e-03    2.837220e-02    7.325670e-03    3.662835e-02
6.091720e+07    1.506595e-01    9.028160e+22    5.666279e-03    2.833139e-02    7.315135e-03    3.657567e-02
6.154420e+07    1.505920e-01    9.002212e+22    5.658130e-03    2.829065e-02    7.304615e-03    3.652307e-02
6.217100e+07    1.505244e-01    8.976545e+22    5.650058e-03    2.825029e-02    7.294194e-03    3.647097e-02
6.279750e+07    1.504569e-01    8.950952e+22    5.641998e-03    2.820999e-02    7.283788e-03    3.641894e-02
6.342380e+07    1.503894e-01    8.925431e+22    5.633949e-03    2.816974e-02    7.273397e-03    3.636698e-02
6.404980e+07    1.503219e-01    8.899782e+22    5.625848e-03    2.812924e-02    7.262939e-03    3.631469e-02
6.467550e+07    1.502557e-01    8.874408e+22    5.617822e-03    2.808911e-02    7.252578e-03    3.626289e-02
6.530100e+07    1.501882e-01    8.849105e+22    5.609808e-03    2.804904e-02    7.242231e-03    3.621115e-02
6.592630e+07    1.501221e-01    8.824078e+22    5.601870e-03    2.800935e-02    7.231983e-03    3.615991e-02
6.655130e+07    1.500560e-01    8.798919e+22    5.593878e-03    2.796939e-02    7.221665e-03    3.610833e-02
6.717620e+07    1.499885e-01    8.773832e+22    5.585898e-03    2.792949e-02    7.211363e-03    3.605681e-02
6.780080e+07    1.499224e-01    8.748817e+22    5.577929e-03    2.788964e-02    7.201075e-03    3.600538e-02
6.842520e+07    1.498563e-01    8.723872e+22    5.569971e-03    2.784986e-02    7.190802e-03    3.595401e-02
6.904940e+07    1.497902e-01    8.698999e+22    5.562025e-03    2.781013e-02    7.180544e-03    3.590272e-02
6.967340e+07    1.497241e-01    8.674197e+22    5.554090e-03    2.777045e-02    7.170300e-03    3.585150e-02
7.029720e+07    1.496580e-01    8.649265e+22    5.546103e-03    2.773051e-02    7.159988e-03    3.579994e-02
7.092080e+07    1.495920e-01    8.624605e+22    5.538191e-03    2.769095e-02    7.149774e-03    3.574887e-02
7.154430e+07    1.495259e-01    8.600015e+22    5.530290e-03    2.765145e-02    7.139574e-03    3.569787e-02
7.216760e+07    1.494598e-01    8.575297e+22    5.522337e-03    2.761168e-02    7.129306e-03    3.564653e-02
7.279070e+07    1.493937e-01    8.550848e+22    5.514459e-03    2.757229e-02    7.119136e-03    3.559568e-02
7.341370e+07    1.493276e-01    8.526276e+22    5.506530e-03    2.753265e-02    7.108900e-03    3.554450e-02
7.403660e+07    1.492629e-01    8.501770e+22    5.498611e-03    2.749305e-02    7.098676e-03    3.549338e-02
7.465930e+07    1.491968e-01    8.477335e+22    5.490703e-03    2.745352e-02    7.088468e-03    3.544234e-02
7.528190e+07    1.491307e-01    8.452969e+22    5.482807e-03    2.741403e-02    7.078273e-03    3.539137e-02
7.590430e+07    1.490646e-01    8.428480e+22    5.474859e-03    2.737429e-02    7.068013e-03    3.534006e-02
7.652670e+07    1.489986e-01    8.404255e+22    5.466986e-03    2.733493e-02    7.057848e-03    3.528924e-02
7.714890e+07    1.489339e-01    8.379907e+22    5.459060e-03    2.729530e-02    7.047617e-03    3.523808e-02
7.777100e+07    1.488678e-01    8.355634e+22    5.451148e-03    2.725574e-02    7.037402e-03    3.518701e-02
7.839310e+07    1.488017e-01    8.331426e+22    5.443246e-03    2.721623e-02    7.027201e-03    3.513600e-02
7.901500e+07    1.487356e-01    8.307097e+22    5.435293e-03    2.717646e-02    7.016933e-03    3.508467e-02
7.963690e+07    1.486710e-01    8.283030e+22    5.427414e-03    2.713707e-02    7.006761e-03    3.503381e-02
8.025870e+07    1.486049e-01    8.258842e+22    5.419484e-03    2.709742e-02    6.996523e-03    3.498262e-02
8.088040e+07    1.485388e-01    8.234730e+22    5.411566e-03    2.705783e-02    6.986302e-03    3.493151e-02
8.150200e+07    1.484727e-01    8.210683e+22    5.403659e-03    2.701830e-02    6.976094e-03    3.488047e-02
8.212360e+07    1.484080e-01    8.186519e+22    5.395702e-03    2.697851e-02    6.965821e-03    3.482910e-02
8.274520e+07    1.483420e-01    8.162424e+22    5.387756e-03    2.693878e-02    6.955563e-03    3.477781e-02
8.336670e+07    1.482759e-01    8.138406e+22    5.379823e-03    2.689911e-02    6.945322e-03    3.472661e-02
8.398820e+07    1.482098e-01    8.114453e+22    5.371900e-03    2.685950e-02    6.935093e-03    3.467547e-02
8.460970e+07    1.481437e-01    8.090572e+22    5.363989e-03    2.681995e-02    6.924881e-03    3.462440e-02
8.523110e+07    1.480790e-01    8.066578e+22    5.356030e-03    2.678015e-02    6.914605e-03    3.457302e-02
8.585250e+07    1.480129e-01    8.042652e+22    5.348081e-03    2.674040e-02    6.904342e-03    3.452171e-02
8.647400e+07    1.479468e-01    8.018611e+22    5.340082e-03    2.670041e-02    6.894016e-03    3.447008e-02
8.709540e+07    1.478808e-01    7.994832e+22    5.332158e-03    2.666079e-02    6.883786e-03    3.441893e-02
8.771680e+07    1.478146e-01    7.970934e+22    5.324182e-03    2.662091e-02    6.873490e-03    3.436745e-02
8.833830e+07    1.477486e-01    7.947113e+22    5.316221e-03    2.658110e-02    6.863211e-03    3.431606e-02
8.895980e+07    1.476825e-01    7.923175e+22    5.308208e-03    2.654104e-02    6.852867e-03    3.426434e-02
8.958130e+07    1.476164e-01    7.899492e+22    5.300269e-03    2.650134e-02    6.842618e-03    3.421309e-02
9.020290e+07    1.475503e-01    7.875703e+22    5.292282e-03    2.646141e-02    6.832307e-03    3.416153e-02
9.082450e+07    1.474842e-01    7.851799e+22    5.284244e-03    2.642122e-02    6.821930e-03    3.410965e-02
9.144610e+07    1.474181e-01    7.828153e+22    5.276281e-03    2.638141e-02    6.811650e-03    3.405825e-02
9.206790e+07    1.473520e-01    7.804394e+22    5.268269e-03    2.634134e-02    6.801305e-03    3.400653e-02
9.268970e+07    1.472859e-01    7.780711e+22    5.260269e-03    2.630135e-02    6.790978e-03    3.395489e-02
9.331150e+07    1.472198e-01    7.756921e+22    5.252221e-03    2.626110e-02    6.780588e-03    3.390294e-02
9.393350e+07    1.471537e-01    7.733378e+22    5.244245e-03    2.622122e-02    6.770291e-03    3.385145e-02
9.455560e+07    1.470862e-01    7.710440e+22    5.236461e-03    2.618231e-02    6.760243e-03    3.380121e-02
9.517770e+07    1.470201e-01    7.687397e+22    5.228631e-03    2.614315e-02    6.750133e-03    3.375067e-02
9.580000e+07    1.469540e-01    7.664242e+22    5.220750e-03    2.610375e-02    6.739960e-03    3.369980e-02
9.642240e+07    1.468865e-01    7.641337e+22    5.212943e-03    2.606472e-02    6.729881e-03    3.364940e-02
9.704490e+07    1.468204e-01    7.618321e+22    5.205086e-03    2.602543e-02    6.719738e-03    3.359869e-02
9.766760e+07    1.467529e-01    7.595203e+22    5.197183e-03    2.598591e-02    6.709534e-03    3.354767e-02
9.829040e+07    1.466853e-01    7.572150e+22    5.189290e-03    2.594645e-02    6.699345e-03    3.349672e-02
9.891330e+07    1.466178e-01    7.549172e+22    5.181410e-03    2.590705e-02    6.689172e-03    3.344586e-02
9.953640e+07    1.465517e-01    7.526087e+22    5.173482e-03    2.586741e-02    6.678936e-03    3.339468e-02
1.001600e+08    1.464842e-01    7.503075e+22    5.165567e-03    2.582783e-02    6.668718e-03    3.334359e-02
1.007830e+08    1.460302e-01    7.348678e+22    5.112142e-03    2.556071e-02    6.599747e-03    3.299874e-02
1.014080e+08    1.455948e-01    7.201437e+22    5.060669e-03    2.530334e-02    6.533295e-03    3.266648e-02
1.020350e+08    1.451724e-01    7.060399e+22    5.010868e-03    2.505434e-02    6.469002e-03    3.234501e-02
1.026630e+08    1.447658e-01    6.925311e+22    4.962699e-03    2.481350e-02    6.406817e-03    3.203408e-02
1.032940e+08    1.443721e-01    6.795780e+22    4.916069e-03    2.458034e-02    6.346618e-03    3.173309e-02
1.039280e+08    1.439899e-01    6.671284e+22    4.870831e-03    2.435415e-02    6.288215e-03    3.144108e-02
1.045640e+08    1.436210e-01    6.551476e+22    4.826896e-03    2.413448e-02    6.231495e-03    3.115748e-02
1.052030e+08    1.432621e-01    6.436047e+22    4.784184e-03    2.392092e-02    6.176356e-03    3.088178e-02
1.058460e+08    1.427836e-01    6.283467e+22    4.727135e-03    2.363567e-02    6.102705e-03    3.051352e-02
1.064930e+08    1.423210e-01    6.137327e+22    4.671840e-03    2.335920e-02    6.031320e-03    3.015660e-02
1.071350e+08    1.418782e-01    5.998728e+22    4.618787e-03    2.309393e-02    5.962828e-03    2.981414e-02
1.077810e+08    1.413888e-01    5.847084e+22    4.560033e-03    2.280017e-02    5.886977e-03    2.943489e-02
1.084350e+08    1.408770e-01    5.690092e+22    4.498399e-03    2.249199e-02    5.807408e-03    2.903704e-02
1.090960e+08    1.403558e-01    5.534002e+22    4.436270e-03    2.218135e-02    5.727200e-03    2.863600e-02
1.097570e+08    1.398523e-01    5.386285e+22    4.376662e-03    2.188331e-02    5.650246e-03    2.825123e-02
1.105500e+08    1.392720e-01    5.217463e+22    4.307527e-03    2.153763e-02    5.560994e-03    2.780497e-02
1.115020e+08    1.386072e-01    5.026195e+22    4.227834e-03    2.113917e-02    5.458111e-03    2.729055e-02
1.126440e+08    1.378517e-01    4.811487e+22    4.136547e-03    2.068274e-02    5.340259e-03    2.670130e-02
1.140150e+08    1.370006e-01    4.572981e+22    4.032719e-03    2.016360e-02    5.206218e-03    2.603109e-02
1.156590e+08    1.360507e-01    4.310715e+22    3.915371e-03    1.957686e-02    5.054723e-03    2.527361e-02
1.176330e+08    1.350013e-01    4.029669e+22    3.785585e-03    1.892793e-02    4.887169e-03    2.443585e-02
1.200010e+08    1.338500e-01    3.746015e+22    3.649918e-03    1.824959e-02    4.712023e-03    2.356012e-02
1.226210e+08    1.326928e-01    3.466407e+22    3.511058e-03    1.755529e-02    4.532757e-03    2.266378e-02
1.254760e+08    1.315504e-01    3.196756e+22    3.371732e-03    1.685866e-02    4.352887e-03    2.176443e-02
1.285990e+08    1.304227e-01    2.938457e+22    3.232645e-03    1.616322e-02    4.173327e-03    2.086663e-02
1.320250e+08    1.293088e-01    2.694009e+22    3.095265e-03    1.547633e-02    3.995970e-03    1.997985e-02
1.357950e+08    1.282093e-01    2.462459e+22    2.959258e-03    1.479629e-02    3.820386e-03    1.910193e-02
1.399550e+08    1.271240e-01    2.244291e+22    2.825127e-03    1.412563e-02    3.647223e-03    1.823611e-02
1.445580e+08    1.260520e-01    2.040748e+22    2.693972e-03    1.346986e-02    3.477902e-03    1.738951e-02
1.496630e+08    1.249920e-01    1.853914e+22    2.567693e-03    1.283846e-02    3.314877e-03    1.657439e-02
1.553310e+08    1.239454e-01    1.679459e+22    2.443898e-03    1.221949e-02    3.155058e-03    1.577529e-02
1.616400e+08    1.229122e-01    1.516664e+22    2.322432e-03    1.161216e-02    2.998247e-03    1.499123e-02
1.686850e+08    1.218908e-01    1.367096e+22    2.204946e-03    1.102473e-02    2.846573e-03    1.423286e-02
1.765660e+08    1.208820e-01    1.227804e+22    2.089599e-03    1.044799e-02    2.697660e-03    1.348830e-02
1.854140e+08    1.198875e-01    1.096375e+22    1.974594e-03    9.872971e-03    2.549190e-03    1.274595e-02
1.954050e+08    1.189063e-01    9.736418e+21    1.860792e-03    9.303962e-03    2.402273e-03    1.201136e-02
2.067490e+08    1.179362e-01    8.613893e+21    1.750242e-03    8.751209e-03    2.259552e-03    1.129776e-02
2.196770e+08    1.169823e-01    7.550391e+21    1.638638e-03    8.193190e-03    2.115473e-03    1.057736e-02
2.345450e+08    1.160441e-01    6.557666e+21    1.527119e-03    7.635596e-03    1.971503e-03    9.857513e-03
2.518030e+08    1.151200e-01    5.654173e+21    1.418022e-03    7.090108e-03    1.830658e-03    9.153290e-03
2.719790e+08    1.142111e-01    4.833582e+21    1.311091e-03    6.555456e-03    1.692611e-03    8.463057e-03
2.957680e+08    1.133152e-01    4.107802e+21    1.208657e-03    6.043285e-03    1.560369e-03    7.801847e-03
3.239820e+08    1.124297e-01    3.478798e+21    1.112277e-03    5.561384e-03    1.435943e-03    7.179717e-03
3.556700e+08    1.115987e-01    2.953381e+21    1.024845e-03    5.124223e-03    1.323069e-03    6.615344e-03
3.873580e+08    1.108823e-01    2.585468e+21    9.588880e-04    4.794440e-03    1.237919e-03    6.189596e-03
4.190460e+08    1.102501e-01    2.311103e+21    9.065838e-04    4.532919e-03    1.170395e-03    5.851973e-03
4.507340e+08    1.096876e-01    2.079740e+21    8.600087e-04    4.300044e-03    1.110266e-03    5.551332e-03
4.824220e+08    1.091835e-01    1.882172e+21    8.181407e-04    4.090703e-03    1.056215e-03    5.281075e-03
5.141100e+08    1.087292e-01    1.711548e+21    7.801765e-04    3.900882e-03    1.007204e-03    5.036017e-03
5.457980e+08    1.083148e-01    1.573581e+21    7.480711e-04    3.740355e-03    9.657556e-04    4.828778e-03
5.774870e+08    1.079338e-01    1.458946e+21    7.203075e-04    3.601538e-03    9.299131e-04    4.649565e-03
6.091750e+08    1.075819e-01    1.355843e+21    6.943894e-04    3.471947e-03    8.964528e-04    4.482264e-03
6.408630e+08    1.072565e-01    1.262611e+21    6.700898e-04    3.350449e-03    8.650823e-04    4.325411e-03
6.725510e+08    1.069545e-01    1.178227e+21    6.473108e-04    3.236554e-03    8.356747e-04    4.178374e-03
7.042390e+08    1.066737e-01    1.101638e+21    6.259186e-04    3.129593e-03    8.080575e-04    4.040287e-03
7.359270e+08    1.064121e-01    1.031880e+21    6.057771e-04    3.028886e-03    7.820550e-04    3.910275e-03
7.676150e+08    1.061677e-01    9.682986e+20    5.868174e-04    2.934087e-03    7.575780e-04    3.787890e-03
7.993030e+08    1.059391e-01    9.099119e+20    5.688503e-04    2.844252e-03    7.343826e-04    3.671913e-03
8.309910e+08    1.057253e-01    8.546516e+20    5.513062e-04    2.756531e-03    7.117332e-04    3.558666e-03
8.626790e+08    1.055249e-01    8.044316e+20    5.348634e-04    2.674317e-03    6.905057e-04    3.452528e-03
8.943670e+08    1.053366e-01    7.584715e+20    5.193593e-04    2.596797e-03    6.704900e-04    3.352450e-03
9.260560e+08    1.051595e-01    7.163404e+20    5.047287e-04    2.523644e-03    6.516020e-04    3.258010e-03
9.577440e+08    1.049924e-01    6.777182e+20    4.909337e-04    2.454669e-03    6.337928e-04    3.168964e-03
9.894320e+08    1.048345e-01    6.421986e+20    4.778956e-04    2.389478e-03    6.169605e-04    3.084802e-03
1.021120e+09    1.046851e-01    6.094098e+20    4.655357e-04    2.327679e-03    6.010041e-04    3.005020e-03
1.052810e+09    1.045435e-01    5.791478e+20    4.538298e-04    2.269149e-03    5.858918e-04    2.929459e-03
1.084500e+09    1.044092e-01    5.512002e+20    4.427443e-04    2.213721e-03    5.715804e-04    2.857902e-03
1.116180e+09    1.042813e-01    5.252778e+20    4.322080e-04    2.161040e-03    5.579782e-04    2.789891e-03
1.147870e+09    1.041598e-01    5.012439e+20    4.222045e-04    2.111022e-03    5.450637e-04    2.725318e-03
1.179560e+09    1.040437e-01    4.789050e+20    4.126891e-04    2.063445e-03    5.327793e-04    2.663897e-03
1.211250e+09    1.039316e-01    4.640014e+20    4.062169e-04    2.031084e-03    5.244238e-04    2.622119e-03
1.242940e+09    1.038228e-01    4.502557e+20    4.001547e-04    2.000774e-03    5.165975e-04    2.582987e-03
1.274620e+09    1.037177e-01    4.371188e+20    3.942739e-04    1.971369e-03    5.090054e-04    2.545027e-03
1.306310e+09    1.036157e-01    4.245799e+20    3.885778e-04    1.942889e-03    5.016518e-04    2.508259e-03
1.338000e+09    1.035167e-01    4.125905e+20    3.830522e-04    1.915261e-03    4.945182e-04    2.472591e-03
1.369690e+09    1.034205e-01    4.011061e+20    3.776834e-04    1.888417e-03    4.875872e-04    2.437936e-03
1.401380e+09    1.033273e-01    3.901298e+20    3.724799e-04    1.862400e-03    4.808695e-04    2.404348e-03
1.433060e+09    1.032366e-01    3.796289e+20    3.674328e-04    1.837164e-03    4.743537e-04    2.371769e-03
1.464750e+09    1.031487e-01    3.695806e+20    3.625375e-04    1.812687e-03    4.680339e-04    2.340169e-03
1.496440e+09    1.030631e-01    3.599393e+20    3.577774e-04    1.788887e-03    4.618887e-04    2.309444e-03
1.528130e+09    1.029799e-01    3.506785e+20    3.531449e-04    1.765724e-03    4.559081e-04    2.279540e-03
1.559820e+09    1.028989e-01    3.418057e+20    3.486486e-04    1.743243e-03    4.501035e-04    2.250517e-03
1.591510e+09    1.028200e-01    3.332953e+20    3.442809e-04    1.721404e-03    4.444647e-04    2.222324e-03
1.623190e+09    1.027432e-01    3.251243e+20    3.400345e-04    1.700173e-03    4.389827e-04    2.194913e-03
1.654880e+09    1.026684e-01    3.172556e+20    3.358945e-04    1.679473e-03    4.336380e-04    2.168190e-03
1.686570e+09    1.025954e-01    3.096772e+20    3.318585e-04    1.659293e-03    4.284275e-04    2.142137e-03
1.718260e+09    1.025241e-01    3.023842e+20    3.279275e-04    1.639637e-03    4.233526e-04    2.116763e-03
1.749950e+09    1.024547e-01    2.953786e+20    3.241066e-04    1.620533e-03    4.184198e-04    2.092099e-03
1.781630e+09    1.023871e-01    2.886285e+20    3.203819e-04    1.601909e-03    4.136112e-04    2.068056e-03
1.813320e+09    1.023210e-01    2.821169e+20    3.167473e-04    1.583736e-03    4.089190e-04    2.044595e-03
1.845010e+09    1.022565e-01    2.758349e+20    3.132008e-04    1.566004e-03    4.043406e-04    2.021703e-03
1.876700e+09    1.021934e-01    2.697612e+20    3.097334e-04    1.548667e-03    3.998641e-04    1.999320e-03
1.908390e+09    1.021317e-01    2.639061e+20    3.063536e-04    1.531768e-03    3.955008e-04    1.977504e-03
1.940070e+09    1.020715e-01    2.582614e+20    3.030596e-04    1.515298e-03    3.912483e-04    1.956241e-03
1.971760e+09    1.020126e-01    2.528071e+20    2.998423e-04    1.499212e-03    3.870948e-04    1.935474e-03
2.003450e+09    1.019550e-01    2.475251e+20    2.966934e-04    1.483467e-03    3.830296e-04    1.915148e-03
2.035140e+09    1.018987e-01    2.424093e+20    2.936114e-04    1.468057e-03    3.790507e-04    1.895254e-03
2.066830e+09    1.018437e-01    2.374592e+20    2.905981e-04    1.452991e-03    3.751606e-04    1.875803e-03
2.098510e+09    1.017896e-01    2.326749e+20    2.876557e-04    1.438279e-03    3.713620e-04    1.856810e-03
2.130200e+09    1.017369e-01    2.280495e+20    2.847822e-04    1.423911e-03    3.676522e-04    1.838261e-03
2.161890e+09    1.016852e-01    2.235678e+20    2.819700e-04    1.409850e-03    3.640218e-04    1.820109e-03
2.193580e+09    1.016345e-01    2.193459e+20    2.792949e-04    1.396475e-03    3.605682e-04    1.802841e-03
2.225270e+09    1.015846e-01    2.161122e+20    2.772286e-04    1.386143e-03    3.579005e-04    1.789503e-03
2.256960e+09    1.015355e-01    2.129557e+20    2.751965e-04    1.375982e-03    3.552772e-04    1.776386e-03
2.288640e+09    1.014871e-01    2.098694e+20    2.731951e-04    1.365975e-03    3.526934e-04    1.763467e-03
2.320330e+09    1.014395e-01    2.068565e+20    2.712270e-04    1.356135e-03    3.501526e-04    1.750763e-03
2.352020e+09    1.013927e-01    2.039057e+20    2.692855e-04    1.346428e-03    3.476461e-04    1.738231e-03
2.383710e+09    1.013464e-01    2.010245e+20    2.673763e-04    1.336881e-03    3.451813e-04    1.725906e-03
2.415400e+09    1.013010e-01    1.981980e+20    2.654899e-04    1.327449e-03    3.427460e-04    1.713730e-03
2.447080e+09    1.012562e-01    1.954335e+20    2.636318e-04    1.318159e-03    3.403472e-04    1.701736e-03
2.478770e+09    1.012119e-01    1.927301e+20    2.618021e-04    1.309010e-03    3.379850e-04    1.689925e-03
2.510460e+09    1.011685e-01    1.900857e+20    2.599998e-04    1.299999e-03    3.356583e-04    1.678292e-03
2.542150e+09    1.011256e-01    1.874949e+20    2.582219e-04    1.291109e-03    3.333630e-04    1.666815e-03
2.573840e+09    1.010833e-01    1.849605e+20    2.564708e-04    1.282354e-03    3.311023e-04    1.655512e-03
2.605520e+09    1.010417e-01    1.824816e+20    2.547463e-04    1.273732e-03    3.288761e-04    1.644380e-03
2.637210e+09    1.010006e-01    1.800526e+20    2.530452e-04    1.265226e-03    3.266799e-04    1.633399e-03
2.668900e+09    1.009601e-01    1.776762e+20    2.513697e-04    1.256849e-03    3.245169e-04    1.622584e-03
2.700590e+09    1.009201e-01    1.753434e+20    2.497141e-04    1.248571e-03    3.223795e-04    1.611898e-03
2.732280e+09    1.008808e-01    1.730531e+20    2.480779e-04    1.240389e-03    3.202671e-04    1.601336e-03
2.763960e+09    1.008419e-01    1.708124e+20    2.464666e-04    1.232333e-03    3.181869e-04    1.590935e-03
2.795650e+09    1.008036e-01    1.686162e+20    2.448770e-04    1.224385e-03    3.161348e-04    1.580674e-03
2.827340e+09    1.007658e-01    1.664713e+20    2.433145e-04    1.216573e-03    3.141177e-04    1.570588e-03
2.859030e+09    1.007286e-01    1.643649e+20    2.417702e-04    1.208851e-03    3.121240e-04    1.560620e-03
2.890720e+09    1.006918e-01    1.623040e+20    2.402498e-04    1.201249e-03    3.101611e-04    1.550805e-03
2.922410e+09    1.006555e-01    1.602800e+20    2.387471e-04    1.193735e-03    3.082211e-04    1.541106e-03
2.954090e+09    1.006197e-01    1.582958e+20    2.372646e-04    1.186323e-03    3.063073e-04    1.531536e-03
2.985780e+09    1.005843e-01    1.563468e+20    2.357995e-04    1.178997e-03    3.044158e-04    1.522079e-03
3.017470e+09    1.005494e-01    1.544363e+20    2.343544e-04    1.171772e-03    3.025502e-04    1.512751e-03
3.049160e+09    1.005149e-01    1.525631e+20    2.329287e-04    1.164644e-03    3.007097e-04    1.503548e-03
3.080850e+09    1.004809e-01    1.507264e+20    2.315224e-04    1.157612e-03    2.988942e-04    1.494471e-03
3.112530e+09    1.004473e-01    1.489255e+20    2.301351e-04    1.150675e-03    2.971031e-04    1.485516e-03
3.144220e+09    1.004141e-01    1.471564e+20    2.287641e-04    1.143820e-03    2.953332e-04    1.476666e-03
3.175910e+09    1.003813e-01    1.454217e+20    2.274118e-04    1.137059e-03    2.935874e-04    1.467937e-03
3.207600e+09    1.003490e-01    1.437175e+20    2.260753e-04    1.130376e-03    2.918619e-04    1.459310e-03
3.239290e+09    1.003171e-01    1.420428e+20    2.247543e-04    1.123771e-03    2.901565e-04    1.450783e-03
3.270970e+09    1.002855e-01    1.404039e+20    2.234539e-04    1.117269e-03    2.884777e-04    1.442388e-03
3.302660e+09    1.002543e-01    1.387904e+20    2.221662e-04    1.110831e-03    2.868154e-04    1.434077e-03
3.334350e+09    1.002234e-01    1.372048e+20    2.208935e-04    1.104468e-03    2.851723e-04    1.425862e-03
3.366040e+09    1.001930e-01    1.356498e+20    2.196382e-04    1.098191e-03    2.835517e-04    1.417759e-03
3.397730e+09    1.001629e-01    1.341218e+20    2.183977e-04    1.091988e-03    2.819502e-04    1.409751e-03
3.429410e+09    1.001332e-01    1.326201e+20    2.171716e-04    1.085858e-03    2.803673e-04    1.401836e-03
3.461100e+09    1.001037e-01    1.311443e+20    2.159598e-04    1.079799e-03    2.788030e-04    1.394015e-03
3.492790e+09    1.000747e-01    1.296967e+20    2.147647e-04    1.073823e-03    2.772600e-04    1.386300e-03
3.524480e+09    1.000460e-01    1.282742e+20    2.135836e-04    1.067918e-03    2.757353e-04    1.378676e-03
3.556170e+09    1.000177e-01    1.268760e+20    2.124164e-04    1.062082e-03    2.742284e-04    1.371142e-03
3.587850e+09    9.998951e-02    1.255045e+20    2.112652e-04    1.056326e-03    2.727422e-04    1.363711e-03
3.619540e+09    9.996178e-02    1.241536e+20    2.101252e-04    1.050626e-03    2.712704e-04    1.356352e-03
3.651230e+09    9.993434e-02    1.228257e+20    2.089984e-04    1.044992e-03    2.698158e-04    1.349079e-03
3.682920e+09    9.990718e-02    1.215176e+20    2.078825e-04    1.039412e-03    2.683752e-04    1.341876e-03
3.714610e+09    9.988031e-02    1.202345e+20    2.067821e-04    1.033910e-03    2.669545e-04    1.334773e-03
3.746300e+09    9.985388e-02    1.189732e+20    2.056946e-04    1.028473e-03    2.655506e-04    1.327753e-03
3.777980e+09    9.982758e-02    1.177306e+20    2.046176e-04    1.023088e-03    2.641601e-04    1.320801e-03
3.809670e+09    9.980158e-02    1.165089e+20    2.035532e-04    1.017766e-03    2.627861e-04    1.313930e-03
3.841360e+09    9.977586e-02    1.153080e+20    2.025014e-04    1.012507e-03    2.614282e-04    1.307141e-03
3.873050e+09    9.975043e-02    1.141299e+20    2.014643e-04    1.007321e-03    2.600893e-04    1.300446e-03
3.904740e+09    9.972529e-02    1.129690e+20    2.004370e-04    1.002185e-03    2.587631e-04    1.293815e-03
3.936420e+09    9.970043e-02    1.118277e+20    1.994220e-04    9.971098e-04    2.574527e-04    1.287263e-03
3.968110e+09    9.967587e-02    1.107029e+20    1.984165e-04    9.920827e-04    2.561546e-04    1.280773e-03
3.999800e+09    9.965143e-02    1.095972e+20    1.974231e-04    9.871156e-04    2.548722e-04    1.274361e-03
4.031490e+09    9.962744e-02    1.085099e+20    1.964414e-04    9.822068e-04    2.536047e-04    1.268024e-03
4.063180e+09    9.960359e-02    1.074383e+20    1.954690e-04    9.773449e-04    2.523494e-04    1.261747e-03
4.094860e+09    9.957989e-02    1.063823e+20    1.945060e-04    9.725301e-04    2.511062e-04    1.255531e-03
4.126550e+09    9.955646e-02    1.053439e+20    1.935544e-04    9.677719e-04    2.498776e-04    1.249388e-03
4.158240e+09    9.953333e-02    1.043204e+20    1.926118e-04    9.630592e-04    2.486608e-04    1.243304e-03
4.189930e+09    9.951049e-02    1.033117e+20    1.916783e-04    9.583916e-04    2.474556e-04    1.237278e-03
4.221620e+09    9.948779e-02    1.023221e+20    1.907581e-04    9.537906e-04    2.462677e-04    1.231338e-03
4.253300e+09    9.946537e-02    1.013467e+20    1.898467e-04    9.492335e-04    2.450910e-04    1.225455e-03
4.284990e+09    9.944310e-02    1.003874e+20    1.889461e-04    9.447303e-04    2.439283e-04    1.219642e-03
4.316680e+09    9.942112e-02    9.944187e+19    1.880542e-04    9.402708e-04    2.427769e-04    1.213884e-03
4.348370e+09    9.939928e-02    9.851207e+19    1.871729e-04    9.358646e-04    2.416392e-04    1.208196e-03
4.380060e+09    9.937773e-02    9.759311e+19    1.862979e-04    9.314893e-04    2.405095e-04    1.202548e-03
4.411750e+09    9.935618e-02    9.668506e+19    1.854291e-04    9.271457e-04    2.393880e-04    1.196940e-03
4.443430e+09    9.933491e-02    9.578977e+19    1.845686e-04    9.228431e-04    2.382771e-04    1.191385e-03
4.475120e+09    9.931394e-02    9.491163e+19    1.837207e-04    9.186034e-04    2.371824e-04    1.185912e-03
4.506810e+09    9.929325e-02    9.404577e+19    1.828807e-04    9.144037e-04    2.360980e-04    1.180490e-03
4.538500e+09    9.927255e-02    9.318781e+19    1.820446e-04    9.102231e-04    2.350186e-04    1.175093e-03
4.570190e+09    9.925216e-02    9.234630e+19    1.812208e-04    9.061040e-04    2.339551e-04    1.169775e-03
4.601870e+09    9.923190e-02    9.151650e+19    1.804048e-04    9.020238e-04    2.329016e-04    1.164508e-03
4.633560e+09    9.921193e-02    9.070043e+19    1.795986e-04    8.979931e-04    2.318608e-04    1.159304e-03
4.665250e+09    9.919195e-02    8.988957e+19    1.787940e-04    8.939700e-04    2.308221e-04    1.154110e-03
4.696940e+09    9.917227e-02    8.909418e+19    1.780012e-04    8.900061e-04    2.297986e-04    1.148993e-03
4.728630e+09    9.915288e-02    8.831193e+19    1.772181e-04    8.860903e-04    2.287875e-04    1.143938e-03
4.760310e+09    9.913348e-02    8.753856e+19    1.764404e-04    8.822019e-04    2.277836e-04    1.138918e-03
4.792000e+09    9.911436e-02    8.677397e+19    1.756682e-04    8.783408e-04    2.267866e-04    1.133933e-03
4.823690e+09    9.909540e-02    8.602192e+19    1.749053e-04    8.745263e-04    2.258017e-04    1.129009e-03
4.855380e+09    9.907658e-02    8.534916e+19    1.742200e-04    8.710999e-04    2.249170e-04    1.124585e-03
4.887070e+09    9.905791e-02    8.480654e+19    1.736653e-04    8.683263e-04    2.242009e-04    1.121005e-03
4.918750e+09    9.903937e-02    8.426930e+19    1.731143e-04    8.655716e-04    2.234896e-04    1.117448e-03
4.950440e+09    9.902084e-02    8.373547e+19    1.725651e-04    8.628256e-04    2.227806e-04    1.113903e-03
4.982130e+09    9.900259e-02    8.320876e+19    1.720216e-04    8.601077e-04    2.220789e-04    1.110394e-03
5.013820e+09    9.898434e-02    8.268546e+19    1.714798e-04    8.573988e-04    2.213794e-04    1.106897e-03
5.045510e+09    9.896624e-02    8.216735e+19    1.709417e-04    8.547083e-04    2.206848e-04    1.103424e-03
5.077200e+09    9.894813e-02    8.165248e+19    1.704053e-04    8.520263e-04    2.199922e-04    1.099961e-03
5.108880e+09    9.893032e-02    8.114458e+19    1.698744e-04    8.493722e-04    2.193070e-04    1.096535e-03
5.140570e+09    9.891250e-02    8.063789e+19    1.693432e-04    8.467162e-04    2.186212e-04    1.093106e-03
5.172260e+09    9.889497e-02    8.013814e+19    1.688177e-04    8.440884e-04    2.179427e-04    1.089713e-03
5.203950e+09    9.887744e-02    7.964517e+19    1.682977e-04    8.414882e-04    2.172713e-04    1.086357e-03
5.235640e+09    9.886006e-02    7.915697e+19    1.677811e-04    8.389052e-04    2.166044e-04    1.083022e-03
5.267320e+09    9.884267e-02    7.867185e+19    1.672661e-04    8.363306e-04    2.159396e-04    1.079698e-03
5.299010e+09    9.882558e-02    7.819142e+19    1.667546e-04    8.337731e-04    2.152793e-04    1.076396e-03
5.330700e+09    9.880847e-02    7.771401e+19    1.662448e-04    8.312238e-04    2.146211e-04    1.073105e-03
5.362390e+09    9.879153e-02    7.724477e+19    1.657421e-04    8.287105e-04    2.139721e-04    1.069861e-03
5.394080e+09    9.877457e-02    7.677667e+19    1.652391e-04    8.261957e-04    2.133228e-04    1.066614e-03
5.425760e+09    9.875790e-02    7.631485e+19    1.647414e-04    8.237072e-04    2.126803e-04    1.063401e-03
5.457450e+09    9.874124e-02    7.585414e+19    1.642434e-04    8.212171e-04    2.120373e-04    1.060187e-03
5.489140e+09    9.872472e-02    7.540135e+19    1.637525e-04    8.187624e-04    2.114035e-04    1.057018e-03
5.520830e+09    9.870819e-02    7.494961e+19    1.632612e-04    8.163060e-04    2.107693e-04    1.053847e-03
5.552520e+09    9.869181e-02    7.450222e+19    1.627732e-04    8.138660e-04    2.101393e-04    1.050697e-03
5.584200e+09    9.867558e-02    7.405928e+19    1.622886e-04    8.114431e-04    2.095137e-04    1.047568e-03
5.615890e+09    9.865948e-02    7.362060e+19    1.618073e-04    8.090363e-04    2.088923e-04    1.044461e-03
5.647580e+09    9.864339e-02    7.318282e+19    1.613254e-04    8.066272e-04    2.082703e-04    1.041351e-03
5.679270e+09    9.862744e-02    7.275276e+19    1.608507e-04    8.042537e-04    2.076574e-04    1.038287e-03
5.710960e+09    9.861149e-02    7.232348e+19    1.603755e-04    8.018774e-04    2.070439e-04    1.035219e-03
5.742640e+09    9.859583e-02    7.190171e+19    1.599072e-04    7.995358e-04    2.064393e-04    1.032196e-03
5.774330e+09    9.858017e-02    7.148075e+19    1.594384e-04    7.971919e-04    2.058341e-04    1.029170e-03
5.806020e+09    9.856451e-02    7.106561e+19    1.589747e-04    7.948736e-04    2.052355e-04    1.026177e-03
5.837710e+09    9.854913e-02    7.065280e+19    1.585123e-04    7.925615e-04    2.046385e-04    1.023193e-03
5.869400e+09    9.853377e-02    7.024401e+19    1.580531e-04    7.902654e-04    2.040457e-04    1.020228e-03
5.901090e+09    9.851839e-02    6.983758e+19    1.575952e-04    7.879759e-04    2.034545e-04    1.017273e-03
5.932770e+09    9.850330e-02    6.943671e+19    1.571422e-04    7.857111e-04    2.028697e-04    1.014349e-03
5.964460e+09    9.848808e-02    6.903814e+19    1.566906e-04    7.834528e-04    2.022867e-04    1.011433e-03
5.996150e+09    9.847313e-02    6.864344e+19    1.562420e-04    7.812101e-04    2.017076e-04    1.008538e-03
6.027840e+09    9.845819e-02    6.824950e+19    1.557930e-04    7.789652e-04    2.011279e-04    1.005640e-03
6.059530e+09    9.844339e-02    6.786244e+19    1.553506e-04    7.767532e-04    2.005568e-04    1.002784e-03
6.091210e+09    9.842859e-02    6.747446e+19    1.549059e-04    7.745296e-04    1.999827e-04    9.999134e-04
6.122900e+09    9.841394e-02    6.709334e+19    1.544678e-04    7.723391e-04    1.994171e-04    9.970855e-04
6.154590e+09    9.839928e-02    6.671438e+19    1.540310e-04    7.701548e-04    1.988531e-04    9.942656e-04
6.186280e+09    9.838491e-02    6.633908e+19    1.535971e-04    7.679855e-04    1.982930e-04    9.914650e-04
6.217970e+09    9.837041e-02    6.596589e+19    1.531645e-04    7.658223e-04    1.977345e-04    9.886724e-04
6.249650e+09    9.835618e-02    6.559783e+19    1.527366e-04    7.636829e-04    1.971821e-04    9.859103e-04
6.281340e+09    9.834181e-02    6.523032e+19    1.523081e-04    7.615406e-04    1.966289e-04    9.831447e-04
6.313030e+09    9.832773e-02    6.486928e+19    1.518860e-04    7.594302e-04    1.960840e-04    9.804201e-04
6.344720e+09    9.831365e-02    6.450734e+19    1.514617e-04    7.573086e-04    1.955362e-04    9.776812e-04
6.376410e+09    9.829971e-02    6.415185e+19    1.510438e-04    7.552190e-04    1.949967e-04    9.749835e-04
6.408090e+09    9.828578e-02    6.379538e+19    1.506236e-04    7.531178e-04    1.944542e-04    9.722709e-04
6.439780e+09    9.827199e-02    6.344528e+19    1.502097e-04    7.510485e-04    1.939199e-04    9.695994e-04
6.471470e+09    9.825819e-02    6.309565e+19    1.497952e-04    7.489762e-04    1.933848e-04    9.669241e-04
6.503160e+09    9.824454e-02    6.275077e+19    1.493853e-04    7.469264e-04    1.928556e-04    9.642779e-04
6.534850e+09    9.823089e-02    6.240784e+19    1.489765e-04    7.448827e-04    1.923279e-04    9.616394e-04
6.566540e+09    9.821739e-02    6.206965e+19    1.485723e-04    7.428617e-04    1.918061e-04    9.590303e-04
6.598220e+09    9.820388e-02    6.173044e+19    1.481658e-04    7.408290e-04    1.912812e-04    9.564062e-04
6.629910e+09    9.819051e-02    6.139727e+19    1.477654e-04    7.388271e-04    1.907643e-04    9.538217e-04
6.661600e+09    9.817730e-02    6.106737e+19    1.473679e-04    7.368395e-04    1.902512e-04    9.512558e-04
6.693290e+09    9.816408e-02    6.073924e+19    1.469715e-04    7.348573e-04    1.897393e-04    9.486967e-04
6.724980e+09    9.815100e-02    6.041281e+19    1.465760e-04    7.328799e-04    1.892288e-04    9.461440e-04
6.756660e+09    9.813793e-02    6.008959e+19    1.461834e-04    7.309168e-04    1.887219e-04    9.436095e-04
6.788350e+09    9.812486e-02    5.976809e+19    1.457918e-04    7.289589e-04    1.882164e-04    9.410818e-04
6.820040e+09    9.811193e-02    5.944962e+19    1.454028e-04    7.270142e-04    1.877142e-04    9.385713e-04
6.851730e+09    9.809914e-02    5.913292e+19    1.450150e-04    7.250751e-04    1.872136e-04    9.360679e-04
6.883420e+09    9.808635e-02    5.881926e+19    1.446299e-04    7.231495e-04    1.867164e-04    9.335820e-04
6.915100e+09    9.807356e-02    5.850719e+19    1.442457e-04    7.212286e-04    1.862204e-04    9.311021e-04
6.946790e+09    9.806092e-02    5.819818e+19    1.438643e-04    7.193215e-04    1.857280e-04    9.286400e-04
6.978480e+09    9.804842e-02    5.789209e+19    1.434855e-04    7.174273e-04    1.852390e-04    9.261947e-04
7.010170e+09    9.803592e-02    5.758766e+19    1.431077e-04    7.155385e-04    1.847513e-04    9.237563e-04
7.041860e+09    9.802342e-02    5.728609e+19    1.427325e-04    7.136625e-04    1.842669e-04    9.213344e-04
7.073540e+09    9.801106e-02    5.698748e+19    1.423600e-04    7.118001e-04    1.837860e-04    9.189300e-04
7.105230e+09    9.799871e-02    5.669167e+19    1.419901e-04    7.099503e-04    1.833084e-04    9.165419e-04
7.136920e+09    9.798649e-02    5.639746e+19    1.416211e-04    7.081057e-04    1.828321e-04    9.141605e-04
7.168610e+09    9.797442e-02    5.610600e+19    1.412547e-04    7.062736e-04    1.823591e-04    9.117953e-04
7.200300e+09    9.796221e-02    5.581476e+19    1.408876e-04    7.044381e-04    1.818852e-04    9.094257e-04
7.231990e+09    9.795029e-02    5.552894e+19    1.405264e-04    7.026322e-04    1.814188e-04    9.070942e-04
7.263670e+09    9.793822e-02    5.524198e+19    1.401629e-04    7.008143e-04    1.809495e-04    9.047473e-04
7.295360e+09    9.792629e-02    5.495903e+19    1.398034e-04    6.990172e-04    1.804855e-04    9.024273e-04
7.327050e+09    9.791451e-02    5.467759e+19    1.394450e-04    6.972251e-04    1.800227e-04    9.001137e-04
7.358740e+09    9.790273e-02    5.439878e+19    1.390890e-04    6.954452e-04    1.795632e-04    8.978159e-04
7.390430e+09    9.789095e-02    5.412141e+19    1.387340e-04    6.936699e-04    1.791048e-04    8.955240e-04
7.422110e+09    9.787931e-02    5.384674e+19    1.383815e-04    6.919075e-04    1.786497e-04    8.932487e-04
7.453800e+09    9.786767e-02    5.357341e+19    1.380298e-04    6.901491e-04    1.781957e-04    8.909787e-04
7.485490e+09    9.785618e-02    5.330392e+19    1.376822e-04    6.884111e-04    1.777470e-04    8.887350e-04
7.517180e+09    9.784469e-02    5.303462e+19    1.373340e-04    6.866700e-04    1.772974e-04    8.864871e-04
7.548870e+09    9.783333e-02    5.276906e+19    1.369897e-04    6.849486e-04    1.768530e-04    8.842649e-04
7.580550e+09    9.782184e-02    5.250362e+19    1.366448e-04    6.832237e-04    1.764076e-04    8.820381e-04
7.612240e+09    9.781063e-02    5.224193e+19    1.363038e-04    6.815189e-04    1.759674e-04    8.798371e-04
7.643930e+09    9.779942e-02    5.198034e+19    1.359621e-04    6.798105e-04    1.755263e-04    8.776316e-04
7.675620e+09    9.778822e-02    5.172250e+19    1.356245e-04    6.781223e-04    1.750904e-04    8.754522e-04
7.707310e+09    9.777701e-02    5.146588e+19    1.352876e-04    6.764380e-04    1.746556e-04    8.732778e-04
7.738990e+09    9.776595e-02    5.121172e+19    1.349531e-04    6.747657e-04    1.742238e-04    8.711188e-04
7.770680e+09    9.775503e-02    5.095764e+19    1.346179e-04    6.730897e-04    1.737910e-04    8.689551e-04
7.802370e+09    9.774411e-02    5.070832e+19    1.342882e-04    6.714411e-04    1.733654e-04    8.668268e-04
7.834060e+09    9.773319e-02    5.045790e+19    1.339562e-04    6.697811e-04    1.729368e-04    8.646837e-04
7.865750e+09    9.772227e-02    5.021219e+19    1.336297e-04    6.681484e-04    1.725152e-04    8.625758e-04
7.897430e+09    9.771149e-02    4.996537e+19    1.333008e-04    6.665042e-04    1.720906e-04    8.604532e-04
7.929120e+09    9.770071e-02    4.972321e+19    1.329774e-04    6.648871e-04    1.716731e-04    8.583655e-04
7.960810e+09    9.769009e-02    4.948108e+19    1.326532e-04    6.632662e-04    1.712546e-04    8.562730e-04
7.992500e+09    9.767946e-02    4.924239e+19    1.323329e-04    6.616646e-04    1.708411e-04    8.542053e-04
8.024190e+09    9.766882e-02    4.900373e+19    1.320118e-04    6.600592e-04    1.704265e-04    8.521327e-04
8.055880e+09    9.765834e-02    4.876847e+19    1.316946e-04    6.584729e-04    1.700170e-04    8.500848e-04
8.087560e+09    9.764785e-02    4.853323e+19    1.313766e-04    6.568828e-04    1.696064e-04    8.480321e-04
8.119250e+09    9.763750e-02    4.830134e+19    1.310623e-04    6.553117e-04    1.692008e-04    8.460038e-04
8.150940e+09    9.762715e-02    4.806946e+19    1.307474e-04    6.537368e-04    1.687941e-04    8.439706e-04
8.182630e+09    9.761681e-02    4.784089e+19    1.304361e-04    6.521807e-04    1.683923e-04    8.419617e-04
8.214320e+09    9.760661e-02    4.761231e+19    1.301242e-04    6.506208e-04    1.679896e-04    8.399479e-04
8.246000e+09    9.759641e-02    4.738701e+19    1.298159e-04    6.490796e-04    1.675917e-04    8.379582e-04
8.277690e+09    9.758621e-02    4.716278e+19    1.295084e-04    6.475421e-04    1.671947e-04    8.359733e-04
8.309380e+09    9.757615e-02    4.693961e+19    1.292016e-04    6.460082e-04    1.667986e-04    8.339930e-04
8.341070e+09    9.756610e-02    4.671852e+19    1.288970e-04    6.444850e-04    1.664053e-04    8.320266e-04
8.372760e+09    9.755603e-02    4.649852e+19    1.285932e-04    6.429658e-04    1.660131e-04    8.300653e-04
8.404440e+09    9.754612e-02    4.628063e+19    1.282915e-04    6.414576e-04    1.656236e-04    8.281182e-04
8.436130e+09    9.753621e-02    4.606376e+19    1.279906e-04    6.399529e-04    1.652351e-04    8.261756e-04
8.467820e+09    9.752644e-02    4.584896e+19    1.276918e-04    6.384590e-04    1.648494e-04    8.242471e-04
8.499510e+09    9.751652e-02    4.563616e+19    1.273951e-04    6.369757e-04    1.644664e-04    8.223321e-04
8.531200e+09    9.750675e-02    4.542440e+19    1.270992e-04    6.354961e-04    1.640844e-04    8.204220e-04
8.562880e+09    9.749713e-02    4.521362e+19    1.268040e-04    6.340200e-04    1.637033e-04    8.185163e-04
8.594570e+09    9.748736e-02    4.500590e+19    1.265124e-04    6.325619e-04    1.633268e-04    8.166339e-04
8.626260e+09    9.747773e-02    4.479805e+19    1.262199e-04    6.310995e-04    1.629492e-04    8.147460e-04
8.657950e+09    9.746825e-02    4.459327e+19    1.259311e-04    6.296554e-04    1.625763e-04    8.128817e-04
8.689640e+09    9.745862e-02    4.438839e+19    1.256415e-04    6.282074e-04    1.622025e-04    8.110122e-04
8.721330e+09    9.744914e-02    4.418645e+19    1.253553e-04    6.267767e-04    1.618331e-04    8.091653e-04
8.753010e+09    9.743980e-02    4.398548e+19    1.250700e-04    6.253497e-04    1.614646e-04    8.073230e-04
8.784700e+09    9.743032e-02    4.378542e+19    1.247852e-04    6.239259e-04    1.610970e-04    8.054849e-04
8.816390e+09    9.742098e-02    4.358622e+19    1.245010e-04    6.225051e-04    1.607301e-04    8.036506e-04
8.848080e+09    9.741164e-02    4.338997e+19    1.242204e-04    6.211021e-04    1.603679e-04    8.018394e-04
8.879770e+09    9.740245e-02    4.319357e+19    1.239390e-04    6.196948e-04    1.600045e-04    8.000226e-04
8.911450e+09    9.739325e-02    4.299909e+19    1.236596e-04    6.182982e-04    1.596439e-04    7.982195e-04
8.943140e+09    9.738405e-02    4.280549e+19    1.233809e-04    6.169047e-04    1.592841e-04    7.964205e-04
8.974830e+09    9.737486e-02    4.261370e+19    1.231042e-04    6.155211e-04    1.589269e-04    7.946343e-04
9.006520e+09    9.736580e-02    4.242281e+19    1.228282e-04    6.141409e-04    1.585705e-04    7.928525e-04
9.038210e+09    9.735676e-02    4.223468e+19    1.225555e-04    6.127776e-04    1.582185e-04    7.910925e-04
9.069890e+09    9.734770e-02    4.204646e+19    1.222821e-04    6.114107e-04    1.578656e-04    7.893278e-04
9.101580e+09    9.733879e-02    4.186000e+19    1.220107e-04    6.100535e-04    1.575151e-04    7.875756e-04
9.133270e+09    9.732988e-02    4.167440e+19    1.217399e-04    6.086996e-04    1.571656e-04    7.858278e-04
9.164960e+09    9.732098e-02    4.149055e+19    1.214711e-04    6.073554e-04    1.568185e-04    7.840925e-04
9.196650e+09    9.731207e-02    4.130755e+19    1.212029e-04    6.060145e-04    1.564723e-04    7.823614e-04
9.228330e+09    9.730331e-02    4.112626e+19    1.209367e-04    6.046833e-04    1.561286e-04    7.806427e-04
9.260020e+09    9.729454e-02    4.094581e+19    1.206710e-04    6.033552e-04    1.557857e-04    7.789282e-04
9.291710e+09    9.728578e-02    4.076705e+19    1.204073e-04    6.020367e-04    1.554452e-04    7.772260e-04
9.323400e+09    9.727715e-02    4.058907e+19    1.201442e-04    6.007211e-04    1.551055e-04    7.755276e-04
9.355090e+09    9.726853e-02    4.041284e+19    1.198831e-04    5.994156e-04    1.547684e-04    7.738422e-04
9.386770e+09    9.725992e-02    4.023734e+19    1.196225e-04    5.981126e-04    1.544320e-04    7.721600e-04
9.418460e+09    9.725130e-02    4.006352e+19    1.193639e-04    5.968193e-04    1.540981e-04    7.704904e-04
9.450150e+09    9.724281e-02    3.989049e+19    1.191058e-04    5.955291e-04    1.537650e-04    7.688248e-04
9.481840e+09    9.723434e-02    3.971908e+19    1.188497e-04    5.942482e-04    1.534342e-04    7.671712e-04
9.513530e+09    9.722586e-02    3.954841e+19    1.185940e-04    5.929702e-04    1.531042e-04    7.655212e-04
9.545220e+09    9.721753e-02    3.937942e+19    1.183404e-04    5.917020e-04    1.527768e-04    7.638839e-04
9.576900e+09    9.720905e-02    3.921112e+19    1.180872e-04    5.904362e-04    1.524500e-04    7.622498e-04
9.608590e+09    9.720072e-02    3.904443e+19    1.178360e-04    5.891798e-04    1.521256e-04    7.606279e-04
9.640280e+09    9.719239e-02    3.887760e+19    1.175840e-04    5.879197e-04    1.518002e-04    7.590011e-04
9.671970e+09    9.718420e-02    3.871322e+19    1.173351e-04    5.866755e-04    1.514790e-04    7.573949e-04
9.703660e+09    9.717600e-02    3.854865e+19    1.170854e-04    5.854272e-04    1.511567e-04    7.557833e-04
9.735340e+09    9.716782e-02    3.838655e+19    1.168390e-04    5.841950e-04    1.508385e-04    7.541926e-04
9.767030e+09    9.715963e-02    3.822429e+19    1.165918e-04    5.829590e-04    1.505194e-04    7.525969e-04
9.798720e+09    9.715158e-02    3.806444e+19    1.163478e-04    5.817388e-04    1.502043e-04    7.510215e-04
9.830410e+09    9.714339e-02    3.790437e+19    1.161029e-04    5.805143e-04    1.498882e-04    7.494408e-04
9.862100e+09    9.713534e-02    3.774672e+19    1.158612e-04    5.793058e-04    1.495761e-04    7.478806e-04
9.893780e+09    9.712730e-02    3.758886e+19    1.156186e-04    5.780932e-04    1.492630e-04    7.463152e-04
9.925470e+09    9.711940e-02    3.743252e+19    1.153780e-04    5.768898e-04    1.489523e-04    7.447615e-04
9.957160e+09    9.711150e-02    3.727687e+19    1.151378e-04    5.756891e-04    1.486423e-04    7.432115e-04
9.988850e+09    9.710360e-02    3.712354e+19    1.149008e-04    5.745039e-04    1.483363e-04    7.416814e-04
1.002050e+10    9.709569e-02    3.696914e+19    1.146616e-04    5.733080e-04    1.480275e-04    7.401374e-04
1.005220e+10    9.708779e-02    3.681792e+19    1.144268e-04    5.721343e-04    1.477244e-04    7.386222e-04
1.008390e+10    9.708003e-02    3.666564e+19    1.141900e-04    5.709498e-04    1.474186e-04    7.370930e-04
1.011560e+10    9.707227e-02    3.651651e+19    1.139575e-04    5.697875e-04    1.471185e-04    7.355925e-04
1.014730e+10    9.706451e-02    3.636630e+19    1.137229e-04    5.686144e-04    1.468156e-04    7.340781e-04
1.017900e+10    9.705690e-02    3.621839e+19    1.134914e-04    5.674569e-04    1.465168e-04    7.325837e-04
1.021070e+10    9.704914e-02    3.607025e+19    1.132590e-04    5.662952e-04    1.462168e-04    7.310839e-04
1.024240e+10    9.704152e-02    3.592437e+19    1.130298e-04    5.651489e-04    1.459208e-04    7.296041e-04
1.027400e+10    9.703391e-02    3.577825e+19    1.127997e-04    5.639984e-04    1.456238e-04    7.281188e-04
1.030570e+10    9.702629e-02    3.563437e+19    1.125726e-04    5.628632e-04    1.453307e-04    7.266533e-04
1.033740e+10    9.701882e-02    3.549025e+19    1.123448e-04    5.617238e-04    1.450365e-04    7.251824e-04
1.036910e+10    9.701135e-02    3.534753e+19    1.121187e-04    5.605933e-04    1.447446e-04    7.237228e-04
1.040080e+10    9.700373e-02    3.520539e+19    1.118930e-04    5.594649e-04    1.444532e-04    7.222661e-04
1.043250e+10    9.699641e-02    3.506543e+19    1.116704e-04    5.583518e-04    1.441658e-04    7.208290e-04
1.046420e+10    9.698894e-02    3.492442e+19    1.114456e-04    5.572279e-04    1.438756e-04    7.193782e-04
1.049590e+10    9.698161e-02    3.478638e+19    1.112251e-04    5.561256e-04    1.435910e-04    7.179551e-04
1.052750e+10    9.697414e-02    3.464728e+19    1.110025e-04    5.550127e-04    1.433037e-04    7.165183e-04
1.055920e+10    9.696681e-02    3.451114e+19    1.107842e-04    5.539212e-04    1.430218e-04    7.151091e-04
1.059090e+10    9.695948e-02    3.437394e+19    1.105638e-04    5.528190e-04    1.427373e-04    7.136863e-04
1.062260e+10    9.695230e-02    3.423966e+19    1.103476e-04    5.517381e-04    1.424582e-04    7.122909e-04
1.065430e+10    9.694497e-02    3.410354e+19    1.101281e-04    5.506403e-04    1.421747e-04    7.108736e-04
1.068600e+10    9.693793e-02    3.397109e+19    1.099140e-04    5.495701e-04    1.418984e-04    7.094919e-04
1.071770e+10    9.693060e-02    3.383678e+19    1.096965e-04    5.484826e-04    1.416176e-04    7.080880e-04
1.074940e+10    9.692356e-02    3.370538e+19    1.094833e-04    5.474165e-04    1.413423e-04    7.067117e-04
1.078110e+10    9.691638e-02    3.357448e+19    1.092705e-04    5.463525e-04    1.410676e-04    7.053381e-04
1.081270e+10    9.690934e-02    3.344409e+19    1.090581e-04    5.452906e-04    1.407934e-04    7.039671e-04
1.084440e+10    9.690230e-02    3.331420e+19    1.088461e-04    5.442307e-04    1.405198e-04    7.025988e-04
1.087610e+10    9.689526e-02    3.318556e+19    1.086358e-04    5.431789e-04    1.402482e-04    7.012409e-04
1.090780e+10    9.688822e-02    3.305744e+19    1.084259e-04    5.421293e-04    1.399772e-04    6.998859e-04
1.093950e+10    9.688132e-02    3.292981e+19    1.082164e-04    5.410818e-04    1.397067e-04    6.985336e-04
1.097120e+10    9.687428e-02    3.280268e+19    1.080073e-04    5.400364e-04    1.394368e-04    6.971839e-04
1.100290e+10    9.686738e-02    3.267680e+19    1.077998e-04    5.389991e-04    1.391690e-04    6.958449e-04
1.103460e+10    9.686049e-02    3.255136e+19    1.075927e-04    5.379636e-04    1.389016e-04    6.945080e-04
1.106620e+10    9.685374e-02    3.242718e+19    1.073873e-04    5.369365e-04    1.386364e-04    6.931821e-04
1.109790e+10    9.684684e-02    3.230349e+19    1.071823e-04    5.359114e-04    1.383717e-04    6.918587e-04
1.112960e+10    9.684009e-02    3.218022e+19    1.069776e-04    5.348880e-04    1.381075e-04    6.905374e-04
1.116130e+10    9.683319e-02    3.205820e+19    1.067746e-04    5.338729e-04    1.378454e-04    6.892270e-04
1.119300e+10    9.682644e-02    3.193665e+19    1.065720e-04    5.328598e-04    1.375838e-04    6.879191e-04
1.122470e+10    9.681969e-02    3.181555e+19    1.063697e-04    5.318486e-04    1.373227e-04    6.866136e-04
1.125640e+10    9.681307e-02    3.169561e+19    1.061690e-04    5.308452e-04    1.370636e-04    6.853182e-04
1.128810e+10    9.680632e-02    3.157689e+19    1.059700e-04    5.298500e-04    1.368067e-04    6.840335e-04
1.131970e+10    9.679971e-02    3.145788e+19    1.057701e-04    5.288507e-04    1.365487e-04    6.827433e-04
1.135140e+10    9.679310e-02    3.134074e+19    1.055730e-04    5.278651e-04    1.362942e-04    6.814709e-04
1.138310e+10    9.678649e-02    3.122334e+19    1.053751e-04    5.268755e-04    1.360387e-04    6.801933e-04
1.141480e+10    9.677989e-02    3.110707e+19    1.051787e-04    5.258936e-04    1.357851e-04    6.789257e-04
1.144650e+10    9.677342e-02    3.099198e+19    1.049840e-04    5.249198e-04    1.355337e-04    6.776685e-04
1.147820e+10    9.676681e-02    3.087660e+19    1.047884e-04    5.239418e-04    1.352812e-04    6.764060e-04
1.150990e+10    9.676034e-02    3.076233e+19    1.045943e-04    5.229714e-04    1.350306e-04    6.751531e-04
1.154160e+10    9.675388e-02    3.064922e+19    1.044018e-04    5.220090e-04    1.347822e-04    6.739108e-04
1.157330e+10    9.674742e-02    3.053649e+19    1.042096e-04    5.210482e-04    1.345341e-04    6.726703e-04
1.160490e+10    9.674109e-02    3.042421e+19    1.040179e-04    5.200894e-04    1.342865e-04    6.714325e-04
1.163660e+10    9.673462e-02    3.031231e+19    1.038264e-04    5.191320e-04    1.340393e-04    6.701966e-04
1.166830e+10    9.672831e-02    3.020155e+19    1.036366e-04    5.181827e-04    1.337942e-04    6.689711e-04
1.170000e+10    9.672199e-02    3.009120e+19    1.034470e-04    5.172352e-04    1.335496e-04    6.677478e-04
1.173170e+10    9.671552e-02    2.998122e+19    1.032578e-04    5.162891e-04    1.333053e-04    6.665263e-04
1.176340e+10    9.670934e-02    2.987236e+19    1.030702e-04    5.153509e-04    1.330630e-04    6.653152e-04
1.179510e+10    9.670301e-02    2.976386e+19    1.028828e-04    5.144142e-04    1.328212e-04    6.641059e-04
1.182680e+10    9.669669e-02    2.965647e+19    1.026971e-04    5.134854e-04    1.325814e-04    6.629068e-04
1.185840e+10    9.669052e-02    2.954876e+19    1.025104e-04    5.125520e-04    1.323404e-04    6.617018e-04
1.189010e+10    9.668434e-02    2.944212e+19    1.023252e-04    5.116263e-04    1.321013e-04    6.605067e-04
1.192180e+10    9.667816e-02    2.933657e+19    1.021417e-04    5.107084e-04    1.318643e-04    6.593217e-04
1.195350e+10    9.667199e-02    2.923069e+19    1.019572e-04    5.097860e-04    1.316262e-04    6.581308e-04
1.198520e+10    9.666581e-02    2.912590e+19    1.017743e-04    5.088713e-04    1.313900e-04    6.569501e-04
1.201690e+10    9.665977e-02    2.902212e+19    1.015928e-04    5.079639e-04    1.311557e-04    6.557786e-04
1.204860e+10    9.665359e-02    2.891808e+19    1.014105e-04    5.070526e-04    1.309204e-04    6.546021e-04
1.208030e+10    9.664755e-02    2.881504e+19    1.012297e-04    5.061485e-04    1.306870e-04    6.534349e-04
1.211200e+10    9.664152e-02    2.871240e+19    1.010492e-04    5.052462e-04    1.304540e-04    6.522700e-04
1.214360e+10    9.663549e-02    2.861076e+19    1.008702e-04    5.043511e-04    1.302229e-04    6.511145e-04
1.217530e+10    9.662945e-02    2.850947e+19    1.006915e-04    5.034576e-04    1.299922e-04    6.499609e-04
1.220700e+10    9.662357e-02    2.840857e+19    1.005132e-04    5.025659e-04    1.297620e-04    6.488098e-04
1.223870e+10    9.661753e-02    2.830866e+19    1.003363e-04    5.016813e-04    1.295336e-04    6.476678e-04
1.227040e+10    9.661164e-02    2.820909e+19    1.001597e-04    5.007983e-04    1.293056e-04    6.465279e-04
1.230210e+10    9.660575e-02    2.810991e+19    9.998343e-05    4.999171e-04    1.290780e-04    6.453902e-04
1.233380e+10    9.659986e-02    2.801168e+19    9.980859e-05    4.990430e-04    1.288523e-04    6.442617e-04
1.236550e+10    9.659396e-02    2.791316e+19    9.963292e-05    4.981646e-04    1.286255e-04    6.431277e-04
1.239710e+10    9.658807e-02    2.781630e+19    9.945990e-05    4.972995e-04    1.284022e-04    6.420109e-04
1.242880e+10    9.658233e-02    2.771911e+19    9.928598e-05    4.964299e-04    1.281776e-04    6.408882e-04
1.246050e+10    9.657643e-02    2.762289e+19    9.911351e-05    4.955676e-04    1.279550e-04    6.397750e-04
1.249220e+10    9.657069e-02    2.752704e+19    9.894140e-05    4.947070e-04    1.277328e-04    6.386640e-04
1.252390e+10    9.656494e-02    2.743212e+19    9.877066e-05    4.938533e-04    1.275124e-04    6.375619e-04
1.255560e+10    9.655920e-02    2.733752e+19    9.860023e-05    4.930011e-04    1.272923e-04    6.364617e-04
1.258730e+10    9.655345e-02    2.724326e+19    9.843008e-05    4.921504e-04    1.270727e-04    6.353634e-04
1.261900e+10    9.654770e-02    2.714935e+19    9.826028e-05    4.913014e-04    1.268535e-04    6.342674e-04
1.265060e+10    9.654209e-02    2.705636e+19    9.809186e-05    4.904593e-04    1.266360e-04    6.331802e-04
1.268230e+10    9.653635e-02    2.696368e+19    9.792372e-05    4.896186e-04    1.264190e-04    6.320949e-04
1.271400e+10    9.653074e-02    2.687194e+19    9.775699e-05    4.887850e-04    1.262037e-04    6.310187e-04
1.274570e+10    9.652515e-02    2.677993e+19    9.758949e-05    4.879474e-04    1.259875e-04    6.299374e-04
1.277740e+10    9.651954e-02    2.668882e+19    9.742333e-05    4.871167e-04    1.257730e-04    6.288649e-04
1.280910e+10    9.651393e-02    2.659863e+19    9.725858e-05    4.862929e-04    1.255603e-04    6.278014e-04
1.284080e+10    9.650834e-02    2.650813e+19    9.709299e-05    4.854650e-04    1.253465e-04    6.267326e-04
1.287250e+10    9.650287e-02    2.641858e+19    9.692886e-05    4.846443e-04    1.251346e-04    6.256731e-04
1.290420e+10    9.649727e-02    2.632991e+19    9.676605e-05    4.838303e-04    1.249244e-04    6.246222e-04
1.293580e+10    9.649181e-02    2.624094e+19    9.660242e-05    4.830121e-04    1.247132e-04    6.235659e-04
1.296750e+10    9.648635e-02    2.615286e+19    9.644017e-05    4.822008e-04    1.245037e-04    6.225186e-04
1.299920e+10    9.648089e-02    2.606509e+19    9.627819e-05    4.813909e-04    1.242946e-04    6.214731e-04
1.303090e+10    9.647543e-02    2.597761e+19    9.611648e-05    4.805824e-04    1.240859e-04    6.204292e-04
1.306260e+10    9.646997e-02    2.589101e+19    9.595616e-05    4.797808e-04    1.238789e-04    6.193943e-04
1.309430e+10    9.646465e-02    2.580474e+19    9.579615e-05    4.789807e-04    1.236723e-04    6.183615e-04
1.312600e+10    9.645920e-02    2.571813e+19    9.563525e-05    4.781763e-04    1.234646e-04    6.173229e-04
1.315770e+10    9.645388e-02    2.563772e+19    9.548563e-05    4.774282e-04    1.232714e-04    6.163571e-04
1.318930e+10    9.644857e-02    2.557758e+19    9.537358e-05    4.768679e-04    1.231268e-04    6.156338e-04
1.322100e+10    9.644310e-02    2.551814e+19    9.526269e-05    4.763135e-04    1.229836e-04    6.149180e-04
1.325270e+10    9.643779e-02    2.545887e+19    9.515199e-05    4.757600e-04    1.228407e-04    6.142034e-04
1.328440e+10    9.643262e-02    2.539974e+19    9.504142e-05    4.752071e-04    1.226980e-04    6.134897e-04
1.331610e+10    9.642730e-02    2.534074e+19    9.493098e-05    4.746549e-04    1.225554e-04    6.127768e-04
1.334780e+10    9.642198e-02    2.528188e+19    9.482066e-05    4.741033e-04    1.224129e-04    6.120647e-04
1.337950e+10    9.641667e-02    2.522374e+19    9.471157e-05    4.735578e-04    1.222721e-04    6.113605e-04
1.341120e+10    9.641150e-02    2.516515e+19    9.460150e-05    4.730075e-04    1.221300e-04    6.106501e-04
1.344290e+10    9.640618e-02    2.510724e+19    9.449261e-05    4.724630e-04    1.219894e-04    6.099472e-04
1.347450e+10    9.640101e-02    2.504892e+19    9.438280e-05    4.719140e-04    1.218477e-04    6.092384e-04
1.350620e+10    9.639584e-02    2.499132e+19    9.427421e-05    4.713710e-04    1.217075e-04    6.085374e-04
1.353790e+10    9.639052e-02    2.493384e+19    9.416574e-05    4.708287e-04    1.215675e-04    6.078373e-04
1.356960e+10    9.638535e-02    2.487650e+19    9.405740e-05    4.702870e-04    1.214276e-04    6.071379e-04
1.360130e+10    9.638017e-02    2.481929e+19    9.394918e-05    4.697459e-04    1.212879e-04    6.064394e-04
1.363300e+10    9.637500e-02    2.476278e+19    9.384217e-05    4.692109e-04    1.211497e-04    6.057486e-04
1.366470e+10    9.636982e-02    2.470581e+19    9.373415e-05    4.686708e-04    1.210103e-04    6.050514e-04
1.369640e+10    9.636480e-02    2.464956e+19    9.362738e-05    4.681369e-04    1.208724e-04    6.043622e-04
1.372800e+10    9.635963e-02    2.459287e+19    9.351966e-05    4.675983e-04    1.207334e-04    6.036668e-04
1.375970e+10    9.635446e-02    2.453688e+19    9.341314e-05    4.670657e-04    1.205958e-04    6.029792e-04
1.379140e+10    9.634943e-02    2.448101e+19    9.330674e-05    4.665337e-04    1.204585e-04    6.022924e-04
1.382310e+10    9.634425e-02    2.442528e+19    9.320046e-05    4.660023e-04    1.203213e-04    6.016064e-04
1.385480e+10    9.633922e-02    2.436964e+19    9.309425e-05    4.654713e-04    1.201842e-04    6.009208e-04
1.388650e+10    9.633420e-02    2.431472e+19    9.298928e-05    4.649464e-04    1.200487e-04    6.002432e-04
1.391820e+10    9.632917e-02    2.425936e+19    9.288337e-05    4.644169e-04    1.199119e-04    5.995596e-04
1.394990e+10    9.632413e-02    2.420412e+19    9.277757e-05    4.638878e-04    1.197753e-04    5.988766e-04
1.398150e+10    9.631911e-02    2.414958e+19    9.267297e-05    4.633648e-04    1.196403e-04    5.982014e-04
1.401320e+10    9.631408e-02    2.409512e+19    9.256842e-05    4.628421e-04    1.195053e-04    5.975266e-04
1.404490e+10    9.630905e-02    2.404026e+19    9.246299e-05    4.623149e-04    1.193692e-04    5.968460e-04
1.407660e+10    9.630402e-02    2.398608e+19    9.235873e-05    4.617937e-04    1.192346e-04    5.961730e-04
1.410830e+10    9.629900e-02    2.393202e+19    9.225459e-05    4.612730e-04    1.191002e-04    5.955008e-04
1.414000e+10    9.629411e-02    2.387808e+19    9.215058e-05    4.607529e-04    1.189659e-04    5.948294e-04
1.417170e+10    9.628908e-02    2.382424e+19    9.204662e-05    4.602331e-04    1.188317e-04    5.941584e-04
1.420340e+10    9.628420e-02    2.377055e+19    9.194284e-05    4.597142e-04    1.186977e-04    5.934885e-04
1.423510e+10    9.627916e-02    2.371752e+19    9.184023e-05    4.592012e-04    1.185652e-04    5.928262e-04
1.426670e+10    9.627428e-02    2.366407e+19    9.173668e-05    4.586834e-04    1.184316e-04    5.921577e-04
1.429840e+10    9.626940e-02    2.361125e+19    9.163425e-05    4.581713e-04    1.182993e-04    5.914966e-04
1.433010e+10    9.626451e-02    2.355804e+19    9.153093e-05    4.576547e-04    1.181659e-04    5.908296e-04
1.436180e+10    9.625963e-02    2.350549e+19    9.142879e-05    4.571439e-04    1.180341e-04    5.901703e-04
1.439350e+10    9.625474e-02    2.345305e+19    9.132675e-05    4.566338e-04    1.179023e-04    5.895116e-04
1.442520e+10    9.624986e-02    2.340073e+19    9.122483e-05    4.561241e-04    1.177708e-04    5.888537e-04
1.445690e+10    9.624497e-02    2.334851e+19    9.112298e-05    4.556149e-04    1.176393e-04    5.881963e-04
1.448860e+10    9.624023e-02    2.329696e+19    9.102233e-05    4.551117e-04    1.175093e-04    5.875466e-04
1.452020e+10    9.623534e-02    2.324499e+19    9.092075e-05    4.546037e-04    1.173782e-04    5.868909e-04
1.455190e+10    9.623046e-02    2.319314e+19    9.081928e-05    4.540964e-04    1.172472e-04    5.862359e-04
1.458360e+10    9.622572e-02    2.314191e+19    9.071892e-05    4.535946e-04    1.171176e-04    5.855881e-04
1.461530e+10    9.622084e-02    2.309028e+19    9.061768e-05    4.530884e-04    1.169869e-04    5.849346e-04
1.464700e+10    9.621609e-02    2.303931e+19    9.051760e-05    4.525880e-04    1.168577e-04    5.842886e-04
1.467870e+10    9.621135e-02    2.298844e+19    9.041762e-05    4.520881e-04    1.167286e-04    5.836432e-04
1.471040e+10    9.620661e-02    2.293766e+19    9.031770e-05    4.515885e-04    1.165997e-04    5.829983e-04
1.474210e+10    9.620186e-02    2.288702e+19    9.021795e-05    4.510897e-04    1.164709e-04    5.823544e-04
1.477370e+10    9.619713e-02    2.283649e+19    9.011831e-05    4.505915e-04    1.163422e-04    5.817112e-04
1.480540e+10    9.619238e-02    2.278605e+19    9.001872e-05    4.500936e-04    1.162137e-04    5.810684e-04
1.483710e+10    9.618765e-02    2.273627e+19    8.992034e-05    4.496017e-04    1.160867e-04    5.804333e-04
1.486880e+10    9.618290e-02    2.268607e+19    8.982102e-05    4.491051e-04    1.159584e-04    5.797922e-04
1.490050e+10    9.617816e-02    2.263651e+19    8.972285e-05    4.486142e-04    1.158317e-04    5.791585e-04
1.493220e+10    9.617357e-02    2.258651e+19    8.962370e-05    4.481185e-04    1.157037e-04    5.785185e-04
1.496390e+10    9.616882e-02    2.253716e+19    8.952574e-05    4.476287e-04    1.155772e-04    5.778862e-04
1.499560e+10    9.616422e-02    2.248793e+19    8.942790e-05    4.471395e-04    1.154509e-04    5.772546e-04
1.502730e+10    9.615949e-02    2.243877e+19    8.933010e-05    4.466505e-04    1.153247e-04    5.766233e-04
